      10.000     73.76928      10.0
      10.625     69.33295      10.0
      11.250     65.40469      10.0
      11.875     61.90276      10.0
      12.500     58.76255      10.0
      13.125     55.93042      10.0
      13.750     53.36398      10.0
      14.375     51.02807      10.0
      15.000     48.89384      10.0
      15.625     47.01907      10.0
      16.250     45.29121      10.0
      16.875     43.69467      10.0
      17.500     42.21540      10.0
      18.125     40.84098      10.0
      18.750     39.56018      10.0
      19.375     38.36435      10.0
      20.000     37.24629      10.0
      20.625     36.27220      10.0
      21.250     35.35308      10.0
      21.875     34.48518      10.0
      22.500     33.66388      10.0
      23.125     32.88631      10.0
      23.750     32.14788      10.0
      24.375     31.44666      10.0
      25.000     30.77992      10.0
      25.625     30.20534      10.0
      26.250     29.65346      10.0
      26.875     29.12286      10.0
      27.500     28.61254      10.0
      28.125     28.12169      10.0
      28.750     27.64915      10.0
      29.375     27.19327      10.0
      30.000     26.75467      10.0
      30.625     26.37683      10.0
      31.250     26.00862      10.0
      31.875     25.65000      10.0
      32.500     25.30035      10.0
      33.125     24.95943      10.0
      33.750     24.62808      10.0
      34.375     24.30555      10.0
      35.000     23.99142      10.0
      35.625     23.71847      10.0
      36.250     23.44985      10.0
      36.875     23.18611      10.0
      37.500     22.92692      10.0
      38.125     22.67264      10.0
      38.750     22.42314      10.0
      39.375     22.17887      10.0
      40.000     21.93964      10.0
      40.625     21.72871      10.0
      41.250     21.52093      10.0
      41.875     21.31531      10.0
      42.500     21.11317      10.0
      43.125     20.91367      10.0
      43.750     20.71734      10.0
      44.375     20.52431      10.0
      45.000     20.33452      10.0
      45.625     20.16559      10.0
      46.250     19.99847      10.0
      46.875     19.83323      10.0
      47.500     19.67000      10.0
      48.125     19.50882      10.0
      48.750     19.35003      10.0
      49.375     19.19333      10.0
      50.000     19.03930      10.0
      51.250     18.76295      10.0
      51.875     18.62736      10.0
      52.500     18.49244      10.0
      53.125     18.35965      10.0
      53.750     18.22885      10.0
      54.375     18.09944      10.0
      55.000     17.97151      10.0
      56.250     17.74112      10.0
      56.875     17.62747      10.0
      57.500     17.51521      10.0
      58.125     17.40401      10.0
      58.750     17.29419      10.0
      59.375     17.18573      10.0
      60.000     17.07838      10.0
      61.250     16.88340      10.0
      62.500     16.69266      10.0
      63.750     16.50594      10.0
      64.375     16.41418      10.0
      65.000     16.32351      10.0
      66.250     16.15782      10.0
      67.500     15.99507      10.0
      68.750     15.83550      10.0
      70.000     15.67872      10.0
      71.250     15.53664      10.0
      72.500     15.39592      10.0
      73.750     15.25855      10.0
      75.000     15.12397      10.0
      76.250     14.99987      10.0
      77.500     14.87814      10.0
      78.750     14.75839      10.0
      80.000     14.64122      10.0
      82.500     14.42656      10.0
      83.750     14.32183      10.0
      85.000     14.21926      10.0
      87.500     14.03070      10.0
      90.000     13.84852      10.0
      92.500     13.68193      10.0
      95.000     13.52054      10.0
      97.500     13.37263      10.0
     100.000     13.22935      10.0
     105.000     12.96918      10.0
     110.000     12.73599      10.0
     115.000     12.52597      10.0
     120.000     12.33661      10.0
     125.000     12.16502      10.0
     130.000     12.00966      10.0
     135.000     11.86714      10.0
     140.000     11.73757      10.0
     145.000     11.61860      10.0
     150.000     11.51103      10.0
     155.000     11.41131      10.0
     160.000     11.31886      10.0
     165.000     11.23496      10.0
     170.000     11.15666      10.0
     175.000     11.08537      10.0
     180.000     11.01840      10.0
     185.000     10.95643      10.0
     190.000     10.90017      10.0
     195.000     10.84707      10.0
     200.000     10.79791      10.0
     205.000     10.75265      10.0
     210.000     10.71044      10.0
     215.000     10.67126      10.0
     220.000     10.63513      10.0
     227.940     10.58270      10.0
     227.960     10.58251      10.0
     228.500     10.57914      10.0
     229.580     10.57246      10.0
     230.000     10.56939      10.0
     231.000     10.56354      10.0
     233.000     10.55200      10.0
     234.000     10.54631      10.0
     234.350     10.54397      10.0
     234.450     10.54395      10.0
     234.550     10.54303      10.0
     235.550     10.53742      10.0
     235.950     10.53555      10.0
     236.950     10.53001      10.0
     237.340     10.52736      10.0
     237.440     10.52736      10.0
     237.540     10.52644      10.0
     238.000     10.52407      10.0
     239.000     10.51864      10.0
     240.000     10.51325      10.0
     242.000     10.50264      10.0
     242.520     10.49984      10.0
     243.040     10.49798      10.0
     243.140     10.49709      10.0
     243.240     10.49713      10.0
     243.620     10.49467      10.0
     244.000     10.49316      10.0
     245.000     10.48803      10.0
     247.000     10.47886      10.0
     249.500     10.46650      10.0
     254.500     10.44463      10.0
     255.000     10.44231      10.0
     256.000     10.43772      10.0
     256.330     10.43689      10.0
     256.430     10.43604      10.0
     256.530     10.43617      10.0
     257.530     10.43166      10.0
     258.000     10.42967      10.0
     259.000     10.42622      10.0
     260.000     10.42182      10.0
     262.000     10.41418      10.0
     266.000     10.39949      10.0
     270.000     10.38457      10.0
     278.000     10.35915      10.0
     280.000     10.35329      10.0
     284.000     10.34151      10.0
     290.000     10.32506      10.0
     300.000     10.30055      10.0
     302.000     10.29612      10.0
     303.000     10.29386      10.0
     303.340     10.29311      10.0
     303.680     10.29236      10.0
     303.780     10.29213      10.0
     303.880     10.29189      10.0
     304.440     10.29079      10.0
     305.000     10.28959      10.0
     306.120     10.28710      10.0
     307.500     10.28430      10.0
     310.000     10.27918      10.0
     315.000     10.26940      10.0
     320.000     10.26012      10.0
     330.000     10.24340      10.0
     340.000     10.22840      10.0
     350.000     10.21499      10.0
     360.000     10.20275      10.0
     370.000     10.19172      10.0
     380.000     10.18147      10.0
     390.000     10.17189      10.0
     400.000     10.16306      10.0
     410.000     10.15454      10.0
     420.000     10.14664      10.0
     430.000     10.13892      10.0
     440.000     10.13157      10.0
     450.000     10.12435      10.0
     460.000     10.11727      10.0
     470.000     10.11059      10.0
     480.000     10.10390      10.0
     490.000     10.09725      10.0
     500.000     10.09098      10.0
     504.000     10.08843      10.0
     505.000     10.08771      10.0
     507.000     10.08660      10.0
     511.000     10.08409      10.0
     513.000     10.08295      10.0
     517.000     10.08036      10.0
     521.000     10.07779      10.0
     521.560     10.07750      10.0
     522.110     10.07725      10.0
     522.210     10.07713      10.0
     522.310     10.07701      10.0
     523.160     10.07670      10.0
     524.000     10.07615      10.0
     525.680     10.07509      10.0
     529.040     10.07315      10.0
     530.000     10.07250      10.0
     531.920     10.07126      10.0
     535.759     10.06900      10.0
     536.000     10.06894      10.0
     536.470     10.06857      10.0
     536.930     10.06824      10.0
     537.030     10.06814      10.0
     537.130     10.06835      10.0
     537.570     10.06810      10.0
     538.000     10.06760      10.0
     539.000     10.06726      10.0
     541.000     10.06603      10.0
     545.000     10.06346      10.0
     553.000     10.05887      10.0
     557.500     10.05653      10.0
     566.500     10.05124      10.0
     577.000     10.04582      10.0
     580.000     10.04396      10.0
     583.000     10.04259      10.0
     583.620     10.04205      10.0
     584.230     10.04190      10.0
     584.330     10.04188      10.0
     584.430     10.04187      10.0
     584.720     10.04150      10.0
     585.000     10.04152      10.0
     586.000     10.04101      10.0
     588.000     10.03968      10.0
     592.000     10.03793      10.0
     594.000     10.03678      10.0
     598.000     10.03466      10.0
     600.000     10.03370      10.0
     604.000     10.03157      10.0
     612.000     10.02765      10.0
     620.000     10.02388      10.0
     636.000     10.01626      10.0
     640.000     10.01460      10.0
     648.000     10.01108      10.0
     660.000     10.00609      10.0
     672.000     10.00117      10.0
     680.000      9.99781      10.0
     696.000      9.99197      10.0
     700.000      9.99063      10.0
     708.000      9.98799      10.0
     720.000      9.98415      10.0
     732.000      9.98087      10.0
     740.000      9.97849      10.0
     756.000      9.97411      10.0
     760.000      9.97329      10.0
     768.000      9.97157      10.0
     780.000      9.96873      10.0
     792.000      9.96671      10.0
     800.000      9.96511      10.0
     816.000      9.96244      10.0
     820.000      9.96215      10.0
     828.000      9.96135      10.0
     840.000      9.95956      10.0
     852.000      9.95833      10.0
     860.000      9.95774      10.0
     876.000      9.95749      10.0
     880.000      9.95721      10.0
     888.000      9.95706      10.0
     900.000      9.95705      10.0
     905.000      9.95752      10.0
     910.000      9.95821      10.0
     911.740      9.95885      10.0
     911.840      9.96181      10.0
     912.000      9.96143      10.0
     912.320      9.96147      10.0
     912.960      9.96155      10.0
     914.000      9.96230      10.0
     914.039      9.96220      10.0
     914.117      9.96202      10.0
     914.273      9.96245      10.0
     914.286      9.96242      10.0
     914.336      9.96230      10.0
     914.436      9.96207      10.0
     914.576      9.96254      10.0
     914.856      9.96268      10.0
     914.919      9.96334      10.0
     915.045      9.96304      10.0
     915.297      9.96325      10.0
     915.329      9.96398      10.0
     915.393      9.96383      10.0
     915.521      9.96434      10.0
     915.778      9.96454      10.0
     915.824      9.96443      10.0
     915.917      9.96502      10.0
     916.000      9.96482      10.0
     916.167      9.96524      10.0
     916.429      9.96624      10.0
     916.954      9.96662      10.0
     917.181      9.96772      10.0
     917.635      9.96746      10.0
     918.000      9.96823      10.0
     918.129      9.96792      10.0
     918.387      9.96731      10.0
     918.903      9.96527      10.0
     919.351      9.96503      10.0
     920.000      9.95861      10.0
     920.365      9.95775      10.0
     920.770      9.96005      10.0
     920.963      9.96041      10.0
     920.970      9.96040      10.0
     921.020      9.95946      10.0
     921.120      9.95678      10.0
     921.170      9.95504      10.0
     921.270      9.95237      10.0
     921.470      9.94623      10.0
     921.871      9.94046      10.0
     922.271      9.94193      10.0
     922.671      9.95313      10.0
     922.960      9.96473      10.0
     923.150      9.96840      10.0
     923.160      9.96755      10.0
     923.210      9.96661      10.0
     923.310      9.96061      10.0
     923.360      9.95722      10.0
     923.460      9.95046      10.0
     923.660      9.93705      10.0
     924.061      9.91463      10.0
     924.180      9.91041      10.0
     924.419      9.90593      10.0
     924.657      9.90694      10.0
     924.896      9.91345      10.0
     925.000      9.91795      10.0
     925.208      9.93101      10.0
     925.515      9.95955      10.0
     925.822      9.99911      10.0
     926.030     10.02896      10.0
     926.226     10.04981      10.0
     926.230     10.04980      10.0
     926.280     10.04610      10.0
     926.380     10.03166      10.0
     926.430     10.02276      10.0
     926.530     10.00517      10.0
     926.730      9.96996      10.0
     927.131      9.90900      10.0
     927.215      9.89781      10.0
     927.384      9.87883      10.0
     927.721      9.84850      10.0
     928.000      9.83301      10.0
     928.279      9.82721      10.0
     928.558      9.83023      10.0
     928.837      9.84291      10.0
     929.115      9.86637      10.0
     929.280      9.88597      10.0
     929.445      9.90912      10.0
     929.609      9.93686      10.0
     929.938     10.00497      10.0
     930.103     10.04523      10.0
     930.267     10.08988      10.0
     930.560     10.17407      10.0
     930.654     10.19641      10.0
     930.748     10.20660      10.0
     930.760     10.20657      10.0
     930.810     10.20124      10.0
     930.860     10.19179      10.0
     930.910     10.17936      10.0
     930.960     10.16606      10.0
     931.000     10.15493      10.0
     931.080     10.13008      10.0
     931.240     10.08199      10.0
     931.480     10.01358      10.0
     931.960      9.89772      10.0
     932.200      9.84931      10.0
     932.440      9.80654      10.0
     932.681      9.76956      10.0
     932.921      9.73853      10.0
     933.000      9.72951      10.0
     933.159      9.71300      10.0
     933.476      9.68590      10.0
     933.793      9.66836      10.0
     934.111      9.65931      10.0
     934.428      9.65985      10.0
     934.746      9.67064      10.0
     935.000      9.68627      10.0
     935.254      9.70880      10.0
     935.509      9.73868      10.0
     935.763      9.77583      10.0
     936.018      9.82024      10.0
     936.272      9.87358      10.0
     936.526      9.93469      10.0
     936.763      9.99867      10.0
     937.000     10.07047      10.0
     937.305     10.17784      10.0
     937.610     10.30260      10.0
     937.706     10.34435      10.0
     937.803     10.37592      10.0
     937.810     10.37566      10.0
     937.860     10.36186      10.0
     937.910     10.33942      10.0
     937.960     10.31756      10.0
     938.010     10.29613      10.0
     938.110     10.25391      10.0
     938.310     10.17345      10.0
     938.711     10.03517      10.0
     939.111      9.91967      10.0
     939.511      9.82033      10.0
     939.912      9.73607      10.0
     940.312      9.66421      10.0
     940.713      9.60342      10.0
     941.113      9.55218      10.0
     941.513      9.50992      10.0
     941.914      9.47570      10.0
     942.314      9.44780      10.0
     942.715      9.42680      10.0
     943.115      9.41185      10.0
     943.515      9.40321      10.0
     943.780      9.40055      10.0
     944.309      9.40395      10.0
     944.574      9.41004      10.0
     944.839      9.41878      10.0
     945.368      9.44665      10.0
     945.633      9.46551      10.0
     945.897      9.48806      10.0
     946.427      9.54524      10.0
     946.691      9.57990      10.0
     946.956      9.61952      10.0
     947.485      9.71381      10.0
     947.750      9.76973      10.0
     948.014      9.83105      10.0
     948.544      9.97416      10.0
     948.808     10.05740      10.0
     949.073     10.15075      10.0
     949.312     10.25023      10.0
     949.550     10.37096      10.0
     949.646     10.41944      10.0
     949.743     10.45148      10.0
     949.750     10.45120      10.0
     949.800     10.43806      10.0
     949.850     10.41395      10.0
     949.900     10.38907      10.0
     949.950     10.36322      10.0
     950.050     10.31078      10.0
     950.250     10.21539      10.0
     950.451     10.13527      10.0
     950.651     10.06461      10.0
     951.051      9.93987      10.0
     951.451      9.83245      10.0
     951.852      9.73881      10.0
     952.252      9.65708      10.0
     952.653      9.58589      10.0
     953.053      9.52364      10.0
     953.453      9.46856      10.0
     953.854      9.42083      10.0
     954.254      9.37863      10.0
     955.055      9.30921      10.0
     955.550      9.27439      10.0
     956.045      9.24468      10.0
     957.035      9.19742      10.0
     957.530      9.17898      10.0
     958.025      9.16377      10.0
     959.015      9.14011      10.0
     960.005      9.12505      10.0
     960.995      9.11789      10.0
     961.150      9.11754      10.0
     961.460      9.11725      10.0
     962.081      9.11872      10.0
     963.321      9.13121      10.0
     963.942      9.14321      10.0
     964.562      9.15923      10.0
     965.182      9.18033      10.0
     965.803      9.20727      10.0
     966.271      9.23210      10.0
     966.740      9.26133      10.0
     967.209      9.29533      10.0
     967.677      9.33504      10.0
     968.146      9.38110      10.0
     968.615      9.43430      10.0
     969.083      9.49622      10.0
     969.552      9.56831      10.0
     970.020      9.65113      10.0
     970.489      9.74840      10.0
     970.958      9.86124      10.0
     971.426      9.99587      10.0
     971.655     10.07013      10.0
     971.883     10.15373      10.0
     972.112     10.25507      10.0
     972.340     10.38430      10.0
     972.438     10.43826      10.0
     972.537     10.48763      10.0
     972.540     10.48747      10.0
     972.590     10.46757      10.0
     972.640     10.43526      10.0
     972.690     10.40759      10.0
     972.740     10.38046      10.0
     972.840     10.32151      10.0
     972.940     10.26582      10.0
     973.040     10.21674      10.0
     973.140     10.17320      10.0
     973.341     10.09695      10.0
     973.541     10.02838      10.0
     973.941      9.90805      10.0
     974.342      9.80352      10.0
     974.742      9.71238      10.0
     975.142      9.63290      10.0
     975.543      9.56253      10.0
     975.943      9.50053      10.0
     976.344      9.44521      10.0
     976.370      9.44173      10.0
     976.423      9.43481      10.0
     976.529      9.42164      10.0
     976.741      9.39686      10.0
     977.165      9.35044      10.0
     978.012      9.27365      10.0
     978.436      9.24185      10.0
     978.860      9.21322      10.0
     979.708      9.16507      10.0
     980.000      9.15074      10.0
     980.585      9.12560      10.0
     981.754      9.08507      10.0
     982.924      9.05468      10.0
     984.093      9.03209      10.0
     985.262      9.01455      10.0
     987.601      8.99080      10.0
     989.940      8.97686      10.0
     990.000      8.97673      10.0
     990.120      8.97608      10.0
     990.359      8.97518      10.0
     990.837      8.97299      10.0
     991.794      8.96975      10.0
     993.708      8.96556      10.0
     997.537      8.96293      10.0
    1000.000      8.96447      10.0
    1004.927      8.97595      10.0
    1007.390      8.98764      10.0
    1009.854      9.00490      10.0
    1010.000      9.00622      10.0
    1010.293      9.00885      10.0
    1010.879      9.01457      10.0
    1012.051      9.02864      10.0
    1014.395      9.06754      10.0
    1015.566      9.09504      10.0
    1016.738      9.13078      10.0
    1017.910      9.17757      10.0
    1019.082      9.23899      10.0
    1019.541      9.26773      10.0
    1020.000      9.30057      10.0
    1020.918      9.37837      10.0
    1021.000      9.38585      10.0
    1021.164      9.40218      10.0
    1021.492      9.43686      10.0
    1022.000      9.49700      10.0
    1022.500      9.56431      10.0
    1023.000      9.64220      10.0
    1023.500      9.73282      10.0
    1024.000      9.83819      10.0
    1024.380      9.93054      10.0
    1024.760     10.03706      10.0
    1024.950     10.09744      10.0
    1025.140     10.16679      10.0
    1025.330     10.25359      10.0
    1025.520     10.36492      10.0
    1025.570     10.39114      10.0
    1025.620     10.42606      10.0
    1025.670     10.48341      10.0
    1025.720     10.51693      10.0
    1025.722     10.51693      10.0
    1025.772     10.48566      10.0
    1025.822     10.42781      10.0
    1025.872     10.39185      10.0
    1025.920     10.36687      10.0
    1025.970     10.33798      10.0
    1026.070     10.27764      10.0
    1026.170     10.22485      10.0
    1026.270     10.18005      10.0
    1026.460     10.10856      10.0
    1026.650     10.04681      10.0
    1027.000      9.94683      10.0
    1027.350      9.85941      10.0
    1028.050      9.71180      10.0
    1028.500      9.63357      10.0
    1028.950      9.56401      10.0
    1029.399      9.50388      10.0
    1029.849      9.44999      10.0
    1030.000      9.43384      10.0
    1030.302      9.40221      10.0
    1030.905      9.34730      10.0
    1031.509      9.29991      10.0
    1032.112      9.25978      10.0
    1032.716      9.22515      10.0
    1033.319      9.19557      10.0
    1034.526      9.14776      10.0
    1035.000      9.13224      10.0
    1035.947      9.10647      10.0
    1036.895      9.08583      10.0
    1037.842      9.06915      10.0
    1039.736      9.04486      10.0
    1040.000      9.04252      10.0
    1040.527      9.03740      10.0
    1041.582      9.02943      10.0
    1043.691      9.01753      10.0
    1045.000      9.01217      10.0
    1047.617      9.00542      10.0
    1050.000      9.00225      10.0
    1054.766      9.00034      10.0
    1059.531      9.00122      10.0
    1060.000      9.00160      10.0
    1060.938      9.00237      10.0
    1062.812      9.00348      10.0
    1066.562      9.00624      10.0
    1070.000      9.00930      10.0
    1073.438      9.01294      10.0
    1076.875      9.01624      10.0
    1080.000      9.01981      10.0
    1083.125      9.02302      10.0
    1086.250      9.02681      10.0
    1089.375      9.03023      10.0
    1090.000      9.03093      10.0
    1091.250      9.03233      10.0
    1093.750      9.03519      10.0
    1098.750      9.04111      10.0
    1100.000      9.04264      10.0
    1102.500      9.04574      10.0
    1107.500      9.05216      10.0
    1110.000      9.05496      10.0
    1115.000      9.06129      10.0
    1120.000      9.06737      10.0
    1125.000      9.07319      10.0
    1130.000      9.07982      10.0
    1135.000      9.08619      10.0
    1140.000      9.09227      10.0
    1145.000      9.09863      10.0
    1150.000      9.10468      10.0
    1155.000      9.11159      10.0
    1160.000      9.11819      10.0
    1165.000      9.12446      10.0
    1170.000      9.13162      10.0
    1175.000      9.13907      10.0
    1180.000      9.14681      10.0
    1185.000      9.15616      10.0
    1190.000      9.16718      10.0
    1195.000      9.18264      10.0
    1200.000      9.20906      10.0
    1202.500      9.23123      10.0
    1205.000      9.26581      10.0
    1206.250      9.29194      10.0
    1207.500      9.32584      10.0
    1208.750      9.37157      10.0
    1210.000      9.43418      10.0
    1210.750      9.48256      10.0
    1211.500      9.54290      10.0
    1212.250      9.61722      10.0
    1213.000      9.70962      10.0
    1213.620      9.80409      10.0
    1214.240      9.92031      10.0
    1214.547      9.98821      10.0
    1214.855     10.06601      10.0
    1215.009     10.11163      10.0
    1215.162     10.16698      10.0
    1215.316     10.24289      10.0
    1215.470     10.32853      10.0
    1215.495     10.34721      10.0
    1215.520     10.37743      10.0
    1215.545     10.41997      10.0
    1215.570     10.46946      10.0
    1215.595     10.51657      10.0
    1215.620     10.55101      10.0
    1215.645     10.57124      10.0
    1215.670     10.57796      10.0
    1215.721     10.55181      10.0
    1215.771     10.47115      10.0
    1215.821     10.37878      10.0
    1215.870     10.32982      10.0
    1215.920     10.30287      10.0
    1215.970     10.27486      10.0
    1216.070     10.21819      10.0
    1216.170     10.17086      10.0
    1216.270     10.13282      10.0
    1216.470     10.07083      10.0
    1216.670     10.01844      10.0
    1216.870      9.97103      10.0
    1217.250      9.89086      10.0
    1217.630      9.82076      10.0
    1218.010      9.75921      10.0
    1218.630      9.67368      10.0
    1219.250      9.60266      10.0
    1219.870      9.54442      10.0
    1220.000      9.53350      10.0
    1220.261      9.51292      10.0
    1220.783      9.47560      10.0
    1221.305      9.44301      10.0
    1221.827      9.41567      10.0
    1222.871      9.37033      10.0
    1223.915      9.33717      10.0
    1224.959      9.31122      10.0
    1225.000      9.31036      10.0
    1225.083      9.30862      10.0
    1225.248      9.30517      10.0
    1225.578      9.29906      10.0
    1226.238      9.28772      10.0
    1227.558      9.27069      10.0
    1228.779      9.25858      10.0
    1230.000      9.24960      10.0
    1232.442      9.23775      10.0
    1234.884      9.23120      10.0
    1239.768      9.22638      10.0
    1240.000      9.22673      10.0
    1240.465      9.22667      10.0
    1241.395      9.22655      10.0
    1243.254      9.22632      10.0
    1246.973      9.22819      10.0
    1250.000      9.22981      10.0
    1253.027      9.23226      10.0
    1256.055      9.23477      10.0
    1259.082      9.23736      10.0
    1260.000      9.23813      10.0
    1261.836      9.24048      10.0
    1265.508      9.24449      10.0
    1269.180      9.24780      10.0
    1272.852      9.25203      10.0
    1276.523      9.25639      10.0
    1280.000      9.25954      10.0
    1283.477      9.26362      10.0
    1286.953      9.26781      10.0
    1290.430      9.27125      10.0
    1293.906      9.27565      10.0
    1297.383      9.27930      10.0
    1300.000      9.28274      10.0
    1302.617      9.28537      10.0
    1305.234      9.28805      10.0
    1307.852      9.29167      10.0
    1310.469      9.29447      10.0
    1313.086      9.29732      10.0
    1315.703      9.30023      10.0
    1318.320      9.30319      10.0
    1320.000      9.30500      10.0
    1323.359      9.30869      10.0
    1326.719      9.31247      10.0
    1330.078      9.31635      10.0
    1333.438      9.32032      10.0
    1336.797      9.32439      10.0
    1340.000      9.32785      10.0
    1343.203      9.33138      10.0
    1346.406      9.33500      10.0
    1349.609      9.33871      10.0
    1352.812      9.34150      10.0
    1356.016      9.34536      10.0
    1359.219      9.34932      10.0
    1360.000      9.35010      10.0
    1361.562      9.35167      10.0
    1364.688      9.35487      10.0
    1367.812      9.35918      10.0
    1370.938      9.36254      10.0
    1374.062      9.36597      10.0
    1377.188      9.36948      10.0
    1380.000      9.37249      10.0
    1382.812      9.37556      10.0
    1385.625      9.37869      10.0
    1388.438      9.38166      10.0
    1391.250      9.38470      10.0
    1394.062      9.38780      10.0
    1396.875      9.39095      10.0
    1399.688      9.39394      10.0
    1400.000      9.39435      10.0
    1420.000      9.41622      10.0
    1440.000      9.43786      10.0
    1450.000      9.44854      10.0
    1470.000      9.46987      10.0
    1490.000      9.49105      10.0
    1500.000      9.50164      10.0
    1520.000      9.52239      10.0
    1540.000      9.54308      10.0
    1550.000      9.55338      10.0
    1570.000      9.57381      10.0
    1590.000      9.59405      10.0
    1600.000      9.60395      10.0
    1620.000      9.62393      10.0
    1632.000      9.63587      10.0
    1634.000      9.63778      10.0
    1636.000      9.63972      10.0
    1638.000      9.64168      10.0
    1640.000      9.64366      10.0
    1640.210      9.64396      10.0
    1640.410      9.64408      10.0
    1640.610      9.64421      10.0
    1641.000      9.64466      10.0
    1642.000      9.64566      10.0
    1644.000      9.64769      10.0
    1646.000      9.64954      10.0
    1648.000      9.65162      10.0
    1650.000      9.65352      10.0
    1654.000      9.65738      10.0
    1662.000      9.66518      10.0
    1675.000      9.67783      10.0
    1688.000      9.69037      10.0
    1700.000      9.70184      10.0
    1712.000      9.71342      10.0
    1724.000      9.72463      10.0
    1736.000      9.73614      10.0
    1748.000      9.74745      10.0
    1750.000      9.74932      10.0
    1754.000      9.75289      10.0
    1762.000      9.76052      10.0
    1778.000      9.77523      10.0
    1794.000      9.79018      10.0
    1800.000      9.79545      10.0
    1812.000      9.80650      10.0
    1824.000      9.81741      10.0
    1836.000      9.82845      10.0
    1848.000      9.83929      10.0
    1850.000      9.84107      10.0
    1854.000      9.84438      10.0
    1862.000      9.85180      10.0
    1878.000      9.86602      10.0
    1894.000      9.88013      10.0
    1900.000      9.88552      10.0
    1912.000      9.89578      10.0
    1924.000      9.90633      10.0
    1936.000      9.91682      10.0
    1948.000      9.92723      10.0
    1960.000      9.93753      10.0
    1972.000      9.94770      10.0
    1984.000      9.95808      10.0
    1996.000      9.96830      10.0
    2000.648      9.97100      10.0
    2008.650      9.97761      10.0
    2024.652      9.99119      10.0
    2040.655     10.00455      10.0
    2056.658     10.01764      10.0
    2072.661     10.03083      10.0
    2088.664     10.04410      10.0
    2100.667     10.05365      10.0
    2112.669     10.06325      10.0
    2124.671     10.07289      10.0
    2136.674     10.08256      10.0
    2148.676     10.09225      10.0
    2160.679     10.10195      10.0
    2172.681     10.11111      10.0
    2184.684     10.12077      10.0
    2196.686     10.13038      10.0
    2200.687     10.13351      10.0
    2208.688     10.13994      10.0
    2224.692     10.15232      10.0
    2240.695     10.16439      10.0
    2256.699     10.17669      10.0
    2272.702     10.18922      10.0
    2288.706     10.20133      10.0
    2300.708     10.21030      10.0
    2312.711     10.21907      10.0
    2324.714     10.22827      10.0
    2336.716     10.23724      10.0
    2348.719     10.24597      10.0
    2360.722     10.25511      10.0
    2372.724     10.26398      10.0
    2384.727     10.27255      10.0
    2396.730     10.28153      10.0
    2400.731     10.28462      10.0
    2408.732     10.29018      10.0
    2424.736     10.30183      10.0
    2440.740     10.31343      10.0
    2456.743     10.32494      10.0
    2472.747     10.33633      10.0
    2488.751     10.34757      10.0
    2500.754     10.35602      10.0
    2512.756     10.36485      10.0
    2524.759     10.37319      10.0
    2536.762     10.38190      10.0
    2548.765     10.39007      10.0
    2560.768     10.39860      10.0
    2572.771     10.40655      10.0
    2584.773     10.41486      10.0
    2596.776     10.42352      10.0
    2600.777     10.42616      10.0
    2608.779     10.43155      10.0
    2624.783     10.44178      10.0
    2640.787     10.45260      10.0
    2656.791     10.46405      10.0
    2672.794     10.47438      10.0
    2688.798     10.48507      10.0
    2700.801     10.49303      10.0
    2712.804     10.50097      10.0
    2724.807     10.50889      10.0
    2736.810     10.51677      10.0
    2748.813     10.52462      10.0
    2760.816     10.53241      10.0
    2772.819     10.54015      10.0
    2784.821     10.54794      10.0
    2796.824     10.55566      10.0
    2800.825     10.55830      10.0
    2808.827     10.56343      10.0
    2824.831     10.57355      10.0
    2840.835     10.58381      10.0
    2856.839     10.59391      10.0
    2872.843     10.60396      10.0
    2888.847     10.61411      10.0
    2900.850     10.62151      10.0
    2912.853     10.62905      10.0
    2924.856     10.63641      10.0
    2936.859     10.64391      10.0
    2948.862     10.65122      10.0
    2960.865     10.65865      10.0
    2972.868     10.66604      10.0
    2984.871     10.67337      10.0
    2996.874     10.68065      10.0
    3000.875     10.68313      10.0
    3008.877     10.68786      10.0
    3024.881     10.69749      10.0
    3040.885     10.70707      10.0
    3056.889     10.71676      10.0
    3072.893     10.72620      10.0
    3088.897     10.73573      10.0
    3100.900     10.74279      10.0
    3112.903     10.74992      10.0
    3124.906     10.75692      10.0
    3136.909     10.76397      10.0
    3148.912     10.77087      10.0
    3160.915     10.77782      10.0
    3172.918     10.78480      10.0
    3184.921     10.79182      10.0
    3196.924     10.79866      10.0
    3200.925     10.80086      10.0
    3208.927     10.80553      10.0
    3224.931     10.81455      10.0
    3240.935     10.82377      10.0
    3256.939     10.83273      10.0
    3272.943     10.84187      10.0
    3288.947     10.85073      10.0
    3300.950     10.85757      10.0
    3312.953     10.86416      10.0
    3324.956     10.87098      10.0
    3336.959     10.87753      10.0
    3348.962     10.88429      10.0
    3360.966     10.89077      10.0
    3372.969     10.89747      10.0
    3384.972     10.90386      10.0
    3396.975     10.91047      10.0
    3400.976     10.91272      10.0
    3408.978     10.91703      10.0
    3424.982     10.92564      10.0
    3440.986     10.93436      10.0
    3456.990     10.94289      10.0
    3472.994     10.95150      10.0
    3488.998     10.96018      10.0
    3501.001     10.96634      10.0
    3513.004     10.97271      10.0
    3525.008     10.97927      10.0
    3537.011     10.98542      10.0
    3549.014     10.99177      10.0
    3561.017     10.99832      10.0
    3573.020     11.00443      10.0
    3585.023     11.01073      10.0
    3597.026     11.01690      10.0
    3601.027     11.01910      10.0
    3609.029     11.02326      10.0
    3624.593     11.03140      10.0
    3640.157     11.03919      10.0
    3648.039     11.04348      10.0
    3648.159     11.04341      10.0
    3648.259     11.04405      10.0
    3648.509     11.04425      10.0
    3649.010     11.04429      10.0
    3649.040     11.04428      10.0
    3649.290     11.04448      10.0
    3649.790     11.04487      10.0
    3650.790     11.04532      10.0
    3651.040     11.04552      10.0
    3651.540     11.04558      10.0
    3652.541     11.04603      10.0
    3654.541     11.04728      10.0
    3658.542     11.04911      10.0
    3661.043     11.05044      10.0
    3666.044     11.05277      10.0
    3671.045     11.05513      10.0
    3681.048     11.05994      10.0
    3683.855     11.06152      10.0
    3687.882     11.06348      10.0
    3691.050     11.06524      10.0
    3692.605     11.06577      10.0
    3695.714     11.06722      10.0
    3698.204     11.06868      10.0
    3701.053     11.06993      10.0
    3704.907     11.07207      10.0
    3712.615     11.07605      10.0
    3713.027     11.07618      10.0
    3713.851     11.07644      10.0
    3715.499     11.07734      10.0
    3718.795     11.07914      10.0
    3721.058     11.08005      10.0
    3722.997     11.08117      10.0
    3726.874     11.08304      10.0
    3734.628     11.08720      10.0
    3735.430     11.08750      10.0
    3737.034     11.08846      10.0
    3740.243     11.09002      10.0
    3741.063     11.09031      10.0
    3742.704     11.09126      10.0
    3745.985     11.09281      10.0
    3751.218     11.09554      10.0
    3756.451     11.09792      10.0
    3761.069     11.09991      10.0
    3770.303     11.10435      10.0
    3771.701     11.10511      10.0
    3774.497     11.10626      10.0
    3780.088     11.10818      10.0
    3781.074     11.10880      10.0
    3783.045     11.10925      10.0
    3786.987     11.11137      10.0
    3794.872     11.11525      10.0
    3798.976     11.11773      10.0
    3801.079     11.11814      10.0
    3805.284     11.11898      10.0
    3813.694     11.12150      10.0
    3822.105     11.12614      10.0
    3830.516     11.13295      10.0
    3836.472     11.13792      10.0
    3842.429     11.13707      10.0
    3848.386     11.13581      10.0
    3851.092     11.13597      10.0
    3856.504     11.13714      10.0
    3861.916     11.13961      10.0
    3867.328     11.14382      10.0
    3872.741     11.14981      10.0
    3878.152     11.15763      10.0
    3883.564     11.16776      10.0
    3888.977     11.17717      10.0
    3890.150     11.17785      10.0
    3892.498     11.17699      10.0
    3897.194     11.17124      10.0
    3901.105     11.16639      10.0
    3908.928     11.15982      10.0
    3916.751     11.15681      10.0
    3921.110     11.15662      10.0
    3929.829     11.15985      10.0
    3938.549     11.16721      10.0
    3941.115     11.17080      10.0
    3946.250     11.17897      10.0
    3951.384     11.18958      10.0
    3956.517     11.20368      10.0
    3961.121     11.21929      10.0
    3965.662     11.23771      10.0
    3970.193     11.25855      10.0
    3971.193     11.26303      10.0
    3971.444     11.26239      10.0
    3971.944     11.26060      10.0
    3972.194     11.25946      10.0
    3972.692     11.25718      10.0
    3973.688     11.25363      10.0
    3975.680     11.24606      10.0
    3976.665     11.24255      10.0
    3978.632     11.23554      10.0
    3981.126     11.22779      10.0
    3986.112     11.21434      10.0
    3991.128     11.20435      10.0
    3996.145     11.19681      10.0
    4001.131     11.19219      10.0
    4011.104     11.18726      10.0
    4021.077     11.18667      10.0
    4021.136     11.18664      10.0
    4021.386     11.18651      10.0
    4021.886     11.18672      10.0
    4022.887     11.18666      10.0
    4024.887     11.18703      10.0
    4028.888     11.18825      10.0
    4036.890     11.19123      10.0
    4041.141     11.19383      10.0
    4049.644     11.19959      10.0
    4058.146     11.20796      10.0
    4061.147     11.21187      10.0
    4067.148     11.22080      10.0
    4073.150     11.23295      10.0
    4079.151     11.24848      10.0
    4081.152     11.25531      10.0
    4085.153     11.27022      10.0
    4086.153     11.27453      10.0
    4088.154     11.28376      10.0
    4091.155     11.29972      10.0
    4096.526     11.33515      10.0
    4101.897     11.37496      10.0
    4102.892     11.37383      10.0
    4102.898     11.37383      10.0
    4103.148     11.37489      10.0
    4103.648     11.37582      10.0
    4103.898     11.37569      10.0
    4104.398     11.37423      10.0
    4105.398     11.36835      10.0
    4107.399     11.35373      10.0
    4107.529     11.35249      10.0
    4107.789     11.35060      10.0
    4108.308     11.34682      10.0
    4109.347     11.33988      10.0
    4111.160     11.32855      10.0
    4114.784     11.30844      10.0
    4121.163     11.28330      10.0
    4127.541     11.26675      10.0
    4133.919     11.25632      10.0
    4140.298     11.24973      10.0
    4141.167     11.24927      10.0
    4142.906     11.24782      10.0
    4146.384     11.24654      10.0
    4153.339     11.24452      10.0
    4160.294     11.24414      10.0
    4161.173     11.24423      10.0
    4162.931     11.24440      10.0
    4166.447     11.24474      10.0
    4173.481     11.24600      10.0
    4180.514     11.24839      10.0
    4181.178     11.24804      10.0
    4182.507     11.24901      10.0
    4185.163     11.24984      10.0
    4190.478     11.25151      10.0
    4195.791     11.25321      10.0
    4201.105     11.25549      10.0
    4201.184     11.25545      10.0
    4201.434     11.25532      10.0
    4201.934     11.25562      10.0
    4202.934     11.25623      10.0
    4204.935     11.25688      10.0
    4208.936     11.25875      10.0
    4216.938     11.26198      10.0
    4221.188     11.26434      10.0
    4229.691     11.26798      10.0
    4238.193     11.27227      10.0
    4241.194     11.27363      10.0
    4247.195     11.27696      10.0
    4253.197     11.28033      10.0
    4259.199     11.28375      10.0
    4261.199     11.28450      10.0
    4265.200     11.28721      10.0
    4273.202     11.29269      10.0
    4281.205     11.29887      10.0
    4289.207     11.30576      10.0
    4297.208     11.31525      10.0
    4301.209     11.32130      10.0
    4309.212     11.33614      10.0
    4317.214     11.35844      10.0
    4321.215     11.37347      10.0
    4326.216     11.39838      10.0
    4331.218     11.43097      10.0
    4335.959     11.47359      10.0
    4340.690     11.52810      10.0
    4341.682     11.54934      10.0
    4341.690     11.54933      10.0
    4341.940     11.54530      10.0
    4342.441     11.53262      10.0
    4342.691     11.52787      10.0
    4343.191     11.52149      10.0
    4344.191     11.51109      10.0
    4346.192     11.48983      10.0
    4346.962     11.48203      10.0
    4348.502     11.46732      10.0
    4351.223     11.44573      10.0
    4356.663     11.41267      10.0
    4361.226     11.39382      10.0
    4365.788     11.37928      10.0
    4371.228     11.36780      10.0
    4376.668     11.36041      10.0
    4381.231     11.35681      10.0
    4390.354     11.35229      10.0
    4391.233     11.35185      10.0
    4392.992     11.35165      10.0
    4396.508     11.35126      10.0
    4401.236     11.35160      10.0
    4410.691     11.35300      10.0
    4420.147     11.35513      10.0
    4429.603     11.35799      10.0
    4439.058     11.36091      10.0
    4448.515     11.36458      10.0
    4451.249     11.36534      10.0
    4456.720     11.36755      10.0
    4462.190     11.36979      10.0
    4467.659     11.37205      10.0
    4473.130     11.37434      10.0
    4478.601     11.37665      10.0
    4484.070     11.37900      10.0
    4489.540     11.38136      10.0
    4495.011     11.38376      10.0
    4500.481     11.38618      10.0
    4501.262     11.38653      10.0
    4502.825     11.38650      10.0
    4505.952     11.38790      10.0
    4512.203     11.39072      10.0
    4518.455     11.39359      10.0
    4524.707     11.39648      10.0
    4530.958     11.39868      10.0
    4537.210     11.40164      10.0
    4543.461     11.40390      10.0
    4549.713     11.40693      10.0
    4551.275     11.40770      10.0
    4554.401     11.40848      10.0
    4560.653     11.41158      10.0
    4566.905     11.41395      10.0
    4573.156     11.41712      10.0
    4579.408     11.41956      10.0
    4585.660     11.42203      10.0
    4591.911     11.42531      10.0
    4598.163     11.42785      10.0
    4601.289     11.42873      10.0
    4607.541     11.43131      10.0
    4613.792     11.43472      10.0
    4620.044     11.43737      10.0
    4626.295     11.44006      10.0
    4632.547     11.44277      10.0
    4638.799     11.44471      10.0
    4645.050     11.44749      10.0
    4651.302     11.45030      10.0
    4657.554     11.45315      10.0
    4663.805     11.45603      10.0
    4670.057     11.45895      10.0
    4676.309     11.46106      10.0
    4682.560     11.46405      10.0
    4688.812     11.46707      10.0
    4695.063     11.46927      10.0
    4701.315     11.47236      10.0
    4707.567     11.47462      10.0
    4713.818     11.47778      10.0
    4720.070     11.48010      10.0
    4726.322     11.48333      10.0
    4732.574     11.48572      10.0
    4738.825     11.48902      10.0
    4745.077     11.49147      10.0
    4751.329     11.49484      10.0
    4757.580     11.49736      10.0
    4763.832     11.50081      10.0
    4770.083     11.50429      10.0
    4776.335     11.50691      10.0
    4782.587     11.51048      10.0
    4788.838     11.51501      10.0
    4795.090     11.51866      10.0
    4801.342     11.52329      10.0
    4807.593     11.52893      10.0
    4813.845     11.53463      10.0
    4820.097     11.54232      10.0
    4826.348     11.55205      10.0
    4832.600     11.56489      10.0
    4838.852     11.58298      10.0
    4845.104     11.60764      10.0
    4851.355     11.64363      10.0
    4853.940     11.66382      10.0
    4856.526     11.68890      10.0
    4859.107     11.72069      10.0
    4861.688     11.75305      10.0
    4862.681     11.77090      10.0
    4862.688     11.77090      10.0
    4862.938     11.76958      10.0
    4863.438     11.75810      10.0
    4863.688     11.75346      10.0
    4864.188     11.74720      10.0
    4865.189     11.73630      10.0
    4867.189     11.71158      10.0
    4867.529     11.70755      10.0
    4868.209     11.69986      10.0
    4869.569     11.68609      10.0
    4871.360     11.67062      10.0
    4874.943     11.64599      10.0
    4878.526     11.62831      10.0
    4882.109     11.61402      10.0
    4886.364     11.60061      10.0
    4894.875     11.58544      10.0
    4901.368     11.57845      10.0
    4907.862     11.57455      10.0
    4914.355     11.57271      10.0
    4920.851     11.57189      10.0
    4927.344     11.57315      10.0
    4933.838     11.57339      10.0
    4940.332     11.57468      10.0
    4946.825     11.57599      10.0
    4953.320     11.57837      10.0
    4959.814     11.57973      10.0
    4966.308     11.58216      10.0
    4972.801     11.58462      10.0
    4979.295     11.58711      10.0
    4985.789     11.58963      10.0
    4992.284     11.59110      10.0
    4998.777     11.59368      10.0
    5001.395     11.59471      10.0
    5006.630     11.59679      10.0
    5011.867     11.59877      10.0
    5017.102     11.60078      10.0
    5022.338     11.60269      10.0
    5027.574     11.60473      10.0
    5032.809     11.60680      10.0
    5038.046     11.60877      10.0
    5043.281     11.61076      10.0
    5048.516     11.61265      10.0
    5053.753     11.61479      10.0
    5058.988     11.61684      10.0
    5064.224     11.61879      10.0
    5069.460     11.62076      10.0
    5074.695     11.62287      10.0
    5079.932     11.62488      10.0
    5085.167     11.62691      10.0
    5090.402     11.62895      10.0
    5095.639     11.63090      10.0
    5100.875     11.63299      10.0
    5101.421     11.63322      10.0
    5102.516     11.63358      10.0
    5104.703     11.63440      10.0
    5109.079     11.63618      10.0
    5117.832     11.63954      10.0
    5126.584     11.64296      10.0
    5135.336     11.64631      10.0
    5144.088     11.64971      10.0
    5152.841     11.65304      10.0
    5161.593     11.65642      10.0
    5170.346     11.65974      10.0
    5179.098     11.66310      10.0
    5187.850     11.66652      10.0
    5196.603     11.66986      10.0
    5201.448     11.67161      10.0
    5221.453     11.67926      10.0
    5241.458     11.68692      10.0
    5261.464     11.69445      10.0
    5281.469     11.70212      10.0
    5301.475     11.70964      10.0
    5321.480     11.71716      10.0
    5341.485     11.72466      10.0
    5361.491     11.73213      10.0
    5381.496     11.73957      10.0
    5401.501     11.74698      10.0
    5421.507     11.75434      10.0
    5441.512     11.76166      10.0
    5461.518     11.76907      10.0
    5481.522     11.77643      10.0
    5501.528     11.78372      10.0
    5521.533     11.79093      10.0
    5541.539     11.79823      10.0
    5561.544     11.80545      10.0
    5581.549     11.81257      10.0
    5601.555     11.81977      10.0
    5621.560     11.82686      10.0
    5641.565     11.83401      10.0
    5661.571     11.84122      10.0
    5681.576     11.84813      10.0
    5701.582     11.85527      10.0
    5721.587     11.86228      10.0
    5741.592     11.86933      10.0
    5761.598     11.87623      10.0
    5781.603     11.88335      10.0
    5801.608     11.89032      10.0
    5821.614     11.89712      10.0
    5841.619     11.90413      10.0
    5861.625     11.91097      10.0
    5881.630     11.91782      10.0
    5901.635     11.92468      10.0
    5921.641     11.93154      10.0
    5941.646     11.93820      10.0
    5961.651     11.94507      10.0
    5981.656     11.95171      10.0
    6001.662     11.95857      10.0
    6021.667     11.96519      10.0
    6041.672     11.97201      10.0
    6061.678     11.97858      10.0
    6081.683     11.98536      10.0
    6101.688     11.99187      10.0
    6121.694     11.99858      10.0
    6141.699     12.00502      10.0
    6161.705     12.01165      10.0
    6181.710     12.01823      10.0
    6201.715     12.02476      10.0
    6221.721     12.03123      10.0
    6241.726     12.03790      10.0
    6261.731     12.04424      10.0
    6281.737     12.05077      10.0
    6301.742     12.05723      10.0
    6321.748     12.06361      10.0
    6341.753     12.07018      10.0
    6361.758     12.07666      10.0
    6381.764     12.08306      10.0
    6401.769     12.08963      10.0
    6421.774     12.09640      10.0
    6441.780     12.10307      10.0
    6451.783     12.10662      10.0
    6471.788     12.11416      10.0
    6491.793     12.12251      10.0
    6501.796     12.12752      10.0
    6521.801     12.14170      10.0
    6526.803     12.14708      10.0
    6536.806     12.16204      10.0
    6544.308     12.18005      10.0
    6551.810     12.20824      10.0
    6554.965     12.22602      10.0
    6558.121     12.24890      10.0
    6559.700     12.26278      10.0
    6561.277     12.27651      10.0
    6562.065     12.28221      10.0
    6562.854     12.28830      10.0
    6563.250     12.29420      10.0
    6563.644     12.30839      10.0
    6564.039     12.33897      10.0
    6564.433     12.37006      10.0
    6564.610     12.37382      10.0
    6564.633     12.37382      10.0
    6564.833     12.36764      10.0
    6565.083     12.34831      10.0
    6565.333     12.32564      10.0
    6565.583     12.30847      10.0
    6565.833     12.29869      10.0
    6566.083     12.29290      10.0
    6566.333     12.28962      10.0
    6566.833     12.28592      10.0
    6567.834     12.27925      10.0
    6568.324     12.27522      10.0
    6569.303     12.26723      10.0
    6571.263     12.25139      10.0
    6571.815     12.24710      10.0
    6572.919     12.23959      10.0
    6575.127     12.22671      10.0
    6579.542     12.20728      10.0
    6583.957     12.19401      10.0
    6586.819     12.18786      10.0
    6592.543     12.17852      10.0
    6601.823     12.17000      10.0
    6611.102     12.16663      10.0
    6629.663     12.16601      10.0
    6648.223     12.16901      10.0
    6666.781     12.17341      10.0
    6685.341     12.17827      10.0
    6701.850     12.18291      10.0
    6718.358     12.18732      10.0
    6734.867     12.19217      10.0
    6751.375     12.19714      10.0
    6767.884     12.20186      10.0
    6784.392     12.20705      10.0
    6800.899     12.21164      10.0
    6801.876     12.21203      10.0
    6803.831     12.21247      10.0
    6807.737     12.21371      10.0
    6815.552     12.21621      10.0
    6831.182     12.22055      10.0
    6846.811     12.22536      10.0
    6862.440     12.22990      10.0
    6878.069     12.23453      10.0
    6893.698     12.23926      10.0
    6901.904     12.24154      10.0
    6918.314     12.24617      10.0
    6934.725     12.25128      10.0
    6951.136     12.25612      10.0
    6967.546     12.26068      10.0
    6983.957     12.26572      10.0
    7000.368     12.27008      10.0
    7001.931     12.27079      10.0
    7021.936     12.27654      10.0
    7041.941     12.28245      10.0
    7061.947     12.28811      10.0
    7081.952     12.29391      10.0
    7101.958     12.29944      10.0
    7121.963     12.30511      10.0
    7141.968     12.31093      10.0
    7161.974     12.31690      10.0
    7181.979     12.32259      10.0
    7201.984     12.32798      10.0
    7221.990     12.33395      10.0
    7241.995     12.33917      10.0
    7262.000     12.34498      10.0
    7282.006     12.35048      10.0
    7302.011     12.35612      10.0
    7322.017     12.36189      10.0
    7342.022     12.36734      10.0
    7362.027     12.37292      10.0
    7382.033     12.37864      10.0
    7402.038     12.38401      10.0
    7422.044     12.38951      10.0
    7442.049     12.39515      10.0
    7462.055     12.40042      10.0
    7482.060     12.40582      10.0
    7502.065     12.41135      10.0
    7522.071     12.41702      10.0
    7542.076     12.42230      10.0
    7562.082     12.42770      10.0
    7582.087     12.43324      10.0
    7602.092     12.43836      10.0
    7622.098     12.44361      10.0
    7642.103     12.44899      10.0
    7662.108     12.45449      10.0
    7682.114     12.46013      10.0
    7702.119     12.46532      10.0
    7722.125     12.47064      10.0
    7742.130     12.47609      10.0
    7762.135     12.48107      10.0
    7782.141     12.48617      10.0
    7802.146     12.49140      10.0
    7822.152     12.49674      10.0
    7842.157     12.50221      10.0
    7862.163     12.50719      10.0
    7882.168     12.51228      10.0
    7902.173     12.51749      10.0
    7922.179     12.52282      10.0
    7942.184     12.52828      10.0
    7962.189     12.53321      10.0
    7982.195     12.53825      10.0
    8002.200     12.54340      10.0
    8022.206     12.54868      10.0
    8042.211     12.55407      10.0
    8062.216     12.55891      10.0
    8082.222     12.56385      10.0
    8102.227     12.56890      10.0
    8122.233     12.57407      10.0
    8142.238     12.57936      10.0
    8162.244     12.58404      10.0
    8182.249     12.58956      10.0
    8202.254     12.59447      10.0
    8208.315     12.59580      10.0
    8208.416     12.59577      10.0
    8208.756     12.59568      10.0
    8209.436     12.59623      10.0
    8210.796     12.59661      10.0
    8213.516     12.59736      10.0
    8218.954     12.59888      10.0
    8229.832     12.60119      10.0
    8240.710     12.60427      10.0
    8251.588     12.60664      10.0
    8262.466     12.60904      10.0
    8273.344     12.61223      10.0
    8284.222     12.61469      10.0
    8295.100     12.61719      10.0
    8305.978     12.61971      10.0
    8316.855     12.62304      10.0
    8327.733     12.62563      10.0
    8338.611     12.62825      10.0
    8349.489     12.63090      10.0
    8360.367     12.63358      10.0
    8371.245     12.63629      10.0
    8382.123     12.63904      10.0
    8393.001     12.64102      10.0
    8394.703     12.64138      10.0
    8398.106     12.64210      10.0
    8404.912     12.64436      10.0
    8415.635     12.64644      10.0
    8426.357     12.64935      10.0
    8437.080     12.65230      10.0
    8440.275     12.65311      10.0
    8446.666     12.65475      10.0
    8459.447     12.65723      10.0
    8469.584     12.65959      10.0
    8479.722     12.66198      10.0
    8489.859     12.66524      10.0
    8499.997     12.66684      10.0
    8502.335     12.66793      10.0
    8504.822     12.66814      10.0
    8509.796     12.66940      10.0
    8519.744     12.67194      10.0
    8539.641     12.67711      10.0
    8547.735     12.67849      10.0
    8563.925     12.68301      10.0
    8580.115     12.68674      10.0
    8596.305     12.69053      10.0
    8600.756     12.69116      10.0
    8609.656     12.69333      10.0
    8627.458     12.69772      10.0
    8645.260     12.70219      10.0
    8663.062     12.70675      10.0
    8667.399     12.70748      10.0
    8676.076     12.70894      10.0
    8693.428     12.71375      10.0
    8710.780     12.71772      10.0
    8728.133     12.72176      10.0
    8745.485     12.72588      10.0
    8752.877     12.72781      10.0
    8767.660     12.73077      10.0
    8782.443     12.73377      10.0
    8797.227     12.73779      10.0
    8812.010     12.74090      10.0
    8826.793     12.74405      10.0
    8841.576     12.74823      10.0
    8856.359     12.75149      10.0
    8865.221     12.75328      10.0
    8882.942     12.75789      10.0
    8900.664     12.76159      10.0
    8918.387     12.76535      10.0
    8936.107     12.76918      10.0
    8953.828     12.77308      10.0
    8971.550     12.77809      10.0
    8989.271     12.78214      10.0
    9006.993     12.78626      10.0
    9017.389     12.78904      10.0
    9027.784     12.79078      10.0
    9038.180     12.79361      10.0
    9048.575     12.79540      10.0
    9058.971     12.79721      10.0
    9069.365     12.80012      10.0
    9079.761     12.80175      10.0
    9090.156     12.80406      10.0
    9100.552     12.80639      10.0
    9110.947     12.80874      10.0
    9121.343     12.81112      10.0
    9131.738     12.81353      10.0
    9142.134     12.81607      10.0
    9152.529     12.81863      10.0
    9162.924     12.82134      10.0
    9173.319     12.82396      10.0
    9183.715     12.82672      10.0
    9194.110     12.82951      10.0
    9204.506     12.83233      10.0
    9214.901     12.83517      10.0
    9225.297     12.83793      10.0
    9231.548     12.83936      10.0
    9244.052     12.84167      10.0
    9252.538     12.84319      10.0
    9269.512     12.84591      10.0
    9286.486     12.84880      10.0
    9303.458     12.85174      10.0
    9320.432     12.85497      10.0
    9337.405     12.85826      10.0
    9354.377     12.86173      10.0
    9371.352     12.86537      10.0
    9388.325     12.86920      10.0
    9405.299     12.87310      10.0
    9422.272     12.87718      10.0
    9439.245     12.88158      10.0
    9456.219     12.88618      10.0
    9473.191     12.89111      10.0
    9490.164     12.89638      10.0
    9507.139     12.90200      10.0
    9524.112     12.90797      10.0
    9541.085     12.91404      10.0
    9548.590     12.91673      10.0
    9563.600     12.91774      10.0
    9578.610     12.91863      10.0
    9593.620     12.91982      10.0
    9608.630     12.92117      10.0
    9623.640     12.92295      10.0
    9638.649     12.92491      10.0
    9653.659     12.92717      10.0
    9668.670     12.92960      10.0
    9683.680     12.93221      10.0
    9698.689     12.93485      10.0
    9713.699     12.93768      10.0
    9728.709     12.94055      10.0
    9743.719     12.94360      10.0
    9758.729     12.94669      10.0
    9773.739     12.94968      10.0
    9788.749     12.95286      10.0
    9803.759     12.95609      10.0
    9818.769     12.95921      10.0
    9833.778     12.96252      10.0
    9848.789     12.96588      10.0
    9863.799     12.96944      10.0
    9878.809     12.97289      10.0
    9893.818     12.97654      10.0
    9908.828     12.98040      10.0
    9923.838     12.98431      10.0
    9938.849     12.98857      10.0
    9953.858     12.99321      10.0
    9968.868     12.99823      10.0
    9983.878     13.00395      10.0
    9998.888     13.01038      10.0
   10002.740     13.01226      10.0
   10010.440     13.01605      10.0
   10025.860     13.02468      10.0
   10041.270     13.03361      10.0
   10052.130     13.03638      10.0
   10062.980     13.03801      10.0
   10073.820     13.03617      10.0
   10084.670     13.03417      10.0
   10095.520     13.03283      10.0
   10106.370     13.03199      10.0
   10117.210     13.03166      10.0
   10128.070     13.03184      10.0
   10138.920     13.03236      10.0
   10149.760     13.03322      10.0
   10160.610     13.03427      10.0
   10171.460     13.03567      10.0
   10182.310     13.03708      10.0
   10193.150     13.03868      10.0
   10204.010     13.04029      10.0
   10214.860     13.04210      10.0
   10225.700     13.04392      10.0
   10236.550     13.04576      10.0
   10247.400     13.04779      10.0
   10258.250     13.04984      10.0
   10269.090     13.05174      10.0
   10279.950     13.05383      10.0
   10290.800     13.05594      10.0
   10301.640     13.05789      10.0
   10312.500     13.06004      10.0
   10323.340     13.06203      10.0
   10334.190     13.06423      10.0
   10345.030     13.06644      10.0
   10355.890     13.06849      10.0
   10366.740     13.07056      10.0
   10377.580     13.07266      10.0
   10388.440     13.07477      10.0
   10399.280     13.07708      10.0
   10410.130     13.07924      10.0
   10420.970     13.08123      10.0
   10431.830     13.08342      10.0
   10442.680     13.08563      10.0
   10453.520     13.08768      10.0
   10464.380     13.08993      10.0
   10475.220     13.09202      10.0
   10486.070     13.09432      10.0
   10496.920     13.09645      10.0
   10507.770     13.09859      10.0
   10518.620     13.10076      10.0
   10529.460     13.10295      10.0
   10540.320     13.10496      10.0
   10551.160     13.10719      10.0
   10562.010     13.10944      10.0
   10572.870     13.11151      10.0
   10583.710     13.11380      10.0
   10594.560     13.11592      10.0
   10605.410     13.11805      10.0
   10616.260     13.12020      10.0
   10627.100     13.12238      10.0
   10637.950     13.12457      10.0
   10648.810     13.12678      10.0
   10659.650     13.12902      10.0
   10670.500     13.13127      10.0
   10681.350     13.13355      10.0
   10692.200     13.13564      10.0
   10703.040     13.13795      10.0
   10713.890     13.14029      10.0
   10724.750     13.14265      10.0
   10735.590     13.14503      10.0
   10746.440     13.14743      10.0
   10757.290     13.14985      10.0
   10768.140     13.15230      10.0
   10778.980     13.15476      10.0
   10789.830     13.15747      10.0
   10800.690     13.16019      10.0
   10811.530     13.16316      10.0
   10822.380     13.16637      10.0
   10833.230     13.16982      10.0
   10844.080     13.17352      10.0
   10854.920     13.17748      10.0
   10865.780     13.18214      10.0
   10876.630     13.18751      10.0
   10887.470     13.19361      10.0
   10898.320     13.20067      10.0
   10909.170     13.20919      10.0
   10920.020     13.21851      10.0
   10930.860     13.22865      10.0
   10941.090     13.24830      10.0
   10946.200     13.23757      10.0
   10951.310     13.23255      10.0
   10961.530     13.22654      10.0
   10971.750     13.22147      10.0
   10981.980     13.21735      10.0
   10992.200     13.21417      10.0
   11002.420     13.21191      10.0
   11012.650     13.21060      10.0
   11022.870     13.20998      10.0
   11033.090     13.20983      10.0
   11043.310     13.21016      10.0
   11053.540     13.21073      10.0
   11063.760     13.21154      10.0
   11073.980     13.21260      10.0
   11084.210     13.21391      10.0
   11094.430     13.21522      10.0
   11104.650     13.21655      10.0
   11114.870     13.21813      10.0
   11125.100     13.21973      10.0
   11135.320     13.22133      10.0
   11145.540     13.22296      10.0
   11155.760     13.22459      10.0
   11165.990     13.22648      10.0
   11176.210     13.22815      10.0
   11186.430     13.22983      10.0
   11196.660     13.23176      10.0
   11206.880     13.23347      10.0
   11217.090     13.23544      10.0
   11227.320     13.23718      10.0
   11237.550     13.23893      10.0
   11247.760     13.24095      10.0
   11257.980     13.24273      10.0
   11268.210     13.24453      10.0
   11278.430     13.24634      10.0
   11288.650     13.24816      10.0
   11298.870     13.25001      10.0
   11303.090     13.25098      10.0
   11323.100     13.25455      10.0
   11343.100     13.25818      10.0
   11363.110     13.26186      10.0
   11383.120     13.26535      10.0
   11403.120     13.26915      10.0
   11423.130     13.27275      10.0
   11443.130     13.27641      10.0
   11463.140     13.28013      10.0
   11483.140     13.28363      10.0
   11503.150     13.28746      10.0
   11523.150     13.29108      10.0
   11543.160     13.29448      10.0
   11563.170     13.29821      10.0
   11583.170     13.30172      10.0
   11603.180     13.30556      10.0
   11623.180     13.30890      10.0
   11643.190     13.31258      10.0
   11663.190     13.31631      10.0
   11683.200     13.31981      10.0
   11703.200     13.32337      10.0
   11723.210     13.32698      10.0
   11743.210     13.33036      10.0
   11763.220     13.33408      10.0
   11783.220     13.33756      10.0
   11803.230     13.34109      10.0
   11823.240     13.34468      10.0
   11843.240     13.34833      10.0
   11863.250     13.35172      10.0
   11883.250     13.35548      10.0
   11903.260     13.35897      10.0
   11923.260     13.36253      10.0
   11943.270     13.36582      10.0
   11963.270     13.36948      10.0
   11983.280     13.37287      10.0
   12003.280     13.37632      10.0
   12023.290     13.38014      10.0
   12043.290     13.38370      10.0
   12063.300     13.38698      10.0
   12083.310     13.39064      10.0
   12103.310     13.39402      10.0
   12123.320     13.39745      10.0
   12143.320     13.40094      10.0
   12163.330     13.40447      10.0
   12183.330     13.40806      10.0
   12203.340     13.41136      10.0
   12223.340     13.41471      10.0
   12243.350     13.41811      10.0
   12263.350     13.42155      10.0
   12283.360     13.42505      10.0
   12303.370     13.42860      10.0
   12323.370     13.43221      10.0
   12343.380     13.43550      10.0
   12363.380     13.43885      10.0
   12383.390     13.44224      10.0
   12403.390     13.44569      10.0
   12423.400     13.44918      10.0
   12443.400     13.45273      10.0
   12463.410     13.45632      10.0
   12483.410     13.45960      10.0
   12503.420     13.46292      10.0
   12523.420     13.46667      10.0
   12543.430     13.47009      10.0
   12563.440     13.47356      10.0
   12583.440     13.47747      10.0
   12603.450     13.48104      10.0
   12623.450     13.48466      10.0
   12643.460     13.48874      10.0
   12663.460     13.49287      10.0
   12683.470     13.49786      10.0
   12703.470     13.50292      10.0
   12723.480     13.50929      10.0
   12743.490     13.51740      10.0
   12763.490     13.52816      10.0
   12783.500     13.54421      10.0
   12803.500     13.56629      10.0
   12821.590     13.58173      10.0
   12830.620     13.57976      10.0
   12839.660     13.57203      10.0
   12857.750     13.55755      10.0
   12875.820     13.54796      10.0
   12893.910     13.54318      10.0
   12911.980     13.54144      10.0
   12930.070     13.54101      10.0
   12948.140     13.54190      10.0
   12966.230     13.54325      10.0
   12984.300     13.54506      10.0
   13002.390     13.54733      10.0
   13020.460     13.54965      10.0
   13038.550     13.55243      10.0
   13056.620     13.55481      10.0
   13074.710     13.55766      10.0
   13092.780     13.56010      10.0
   13103.580     13.56195      10.0
   13123.590     13.56503      10.0
   13143.590     13.56817      10.0
   13163.600     13.57134      10.0
   13183.600     13.57409      10.0
   13203.610     13.57735      10.0
   13223.620     13.58065      10.0
   13243.620     13.58353      10.0
   13263.630     13.58692      10.0
   13283.630     13.58988      10.0
   13303.640     13.59288      10.0
   13323.640     13.59640      10.0
   13343.650     13.59949      10.0
   13363.650     13.60261      10.0
   13383.660     13.60578      10.0
   13403.660     13.60850      10.0
   13423.670     13.61175      10.0
   13443.670     13.61504      10.0
   13463.680     13.61788      10.0
   13483.690     13.62126      10.0
   13503.690     13.62417      10.0
   13523.700     13.62764      10.0
   13543.700     13.63064      10.0
   13563.710     13.63368      10.0
   13583.710     13.63676      10.0
   13603.720     13.63988      10.0
   13623.720     13.64304      10.0
   13643.730     13.64624      10.0
   13663.740     13.64895      10.0
   13683.740     13.65224      10.0
   13703.750     13.65502      10.0
   13723.750     13.65839      10.0
   13743.760     13.66126      10.0
   13763.760     13.66471      10.0
   13783.770     13.66766      10.0
   13803.770     13.67064      10.0
   13823.780     13.67366      10.0
   13843.780     13.67673      10.0
   13863.790     13.67983      10.0
   13883.790     13.68297      10.0
   13903.800     13.68615      10.0
   13923.810     13.68880      10.0
   13943.810     13.69207      10.0
   13963.820     13.69479      10.0
   13983.820     13.69813      10.0
   14003.830     13.70093      10.0
   14023.830     13.70376      10.0
   14043.840     13.70723      10.0
   14063.840     13.71014      10.0
   14083.850     13.71309      10.0
   14103.850     13.71608      10.0
   14123.860     13.71910      10.0
   14143.870     13.72155      10.0
   14163.870     13.72465      10.0
   14183.880     13.72779      10.0
   14203.880     13.73034      10.0
   14223.890     13.73356      10.0
   14243.890     13.73682      10.0
   14263.900     13.73948      10.0
   14283.900     13.74217      10.0
   14303.910     13.74555      10.0
   14323.910     13.74832      10.0
   14343.920     13.75112      10.0
   14363.920     13.75396      10.0
   14383.930     13.75684      10.0
   14403.940     13.75975      10.0
   14423.940     13.76270      10.0
   14443.950     13.76569      10.0
   14463.950     13.76871      10.0
   14483.960     13.77178      10.0
   14503.960     13.77420      10.0
   14523.970     13.77733      10.0
   14543.970     13.77982      10.0
   14563.980     13.78303      10.0
   14583.990     13.78558      10.0
   14603.990     13.78887      10.0
   14624.000     13.79149      10.0
   14644.000     13.79415      10.0
   14664.010     13.79755      10.0
   14684.010     13.80028      10.0
   14704.020     13.80304      10.0
   14724.020     13.80584      10.0
   14744.030     13.80867      10.0
   14764.030     13.81153      10.0
   14784.040     13.81443      10.0
   14804.040     13.81737      10.0
   14824.050     13.82034      10.0
   14844.060     13.82261      10.0
   14864.060     13.82565      10.0
   14884.070     13.82873      10.0
   14904.070     13.83109      10.0
   14924.080     13.83423      10.0
   14944.080     13.83666      10.0
   14964.090     13.83988      10.0
   14984.090     13.84236      10.0
   15004.100     13.84566      10.0
   15024.100     13.84821      10.0
   15044.110     13.85079      10.0
   15064.120     13.85341      10.0
   15084.120     13.85685      10.0
   15104.130     13.85953      10.0
   15124.130     13.86225      10.0
   15144.140     13.86500      10.0
   15164.140     13.86778      10.0
   15184.150     13.87060      10.0
   15204.150     13.87345      10.0
   15224.160     13.87551      10.0
   15244.160     13.87842      10.0
   15264.170     13.88137      10.0
   15284.180     13.88435      10.0
   15304.180     13.88653      10.0
   15324.190     13.88957      10.0
   15344.190     13.89266      10.0
   15364.200     13.89493      10.0
   15384.200     13.89808      10.0
   15404.210     13.90041      10.0
   15424.210     13.90363      10.0
   15444.220     13.90602      10.0
   15464.220     13.90843      10.0
   15484.230     13.91176      10.0
   15504.240     13.91424      10.0
   15524.240     13.91675      10.0
   15544.250     13.91928      10.0
   15564.250     13.92185      10.0
   15584.260     13.92535      10.0
   15604.260     13.92799      10.0
   15624.270     13.93065      10.0
   15644.270     13.93335      10.0
   15664.280     13.93608      10.0
   15684.280     13.93883      10.0
   15704.290     13.94070      10.0
   15724.290     13.94351      10.0
   15744.300     13.94636      10.0
   15764.310     13.94925      10.0
   15784.310     13.95216      10.0
   15804.320     13.95416      10.0
   15824.320     13.95714      10.0
   15844.330     13.95919      10.0
   15864.330     13.96223      10.0
   15884.340     13.96530      10.0
   15904.340     13.96744      10.0
   15924.350     13.97057      10.0
   15944.350     13.97276      10.0
   15964.360     13.97597      10.0
   15984.370     13.97821      10.0
   16004.370     13.98048      10.0
   16024.380     13.98379      10.0
   16044.380     13.98612      10.0
   16064.390     13.98847      10.0
   16084.390     13.99187      10.0
   16104.400     13.99429      10.0
   16124.400     13.99673      10.0
   16144.410     13.99920      10.0
   16164.420     14.00170      10.0
   16184.420     14.00423      10.0
   16204.430     14.00678      10.0
   16224.430     14.00937      10.0
   16244.440     14.01198      10.0
   16264.440     14.01462      10.0
   16284.450     14.01729      10.0
   16304.450     14.01999      10.0
   16324.460     14.02272      10.0
   16344.460     14.02538      10.0
   16364.470     14.02806      10.0
   16384.470     14.03055      10.0
   16404.480     14.03318      10.0
   16424.490     14.03573      10.0
   16444.490     14.03842      10.0
   16464.500     14.04102      10.0
   16484.500     14.04354      10.0
   16504.510     14.04609      10.0
   16524.510     14.04867      10.0
   16544.520     14.05127      10.0
   16564.520     14.05380      10.0
   16584.530     14.05646      10.0
   16604.540     14.05892      10.0
   16624.540     14.06152      10.0
   16644.540     14.06404      10.0
   16664.550     14.06658      10.0
   16684.560     14.06915      10.0
   16704.560     14.07175      10.0
   16724.570     14.07425      10.0
   16744.570     14.07679      10.0
   16764.580     14.07935      10.0
   16784.580     14.08182      10.0
   16804.590     14.08443      10.0
   16824.590     14.08696      10.0
   16844.600     14.08938      10.0
   16864.610     14.09196      10.0
   16884.610     14.09444      10.0
   16904.620     14.09695      10.0
   16924.620     14.09948      10.0
   16944.630     14.10205      10.0
   16964.630     14.10451      10.0
   16984.640     14.10700      10.0
   17004.640     14.10952      10.0
   17024.650     14.11206      10.0
   17044.650     14.11450      10.0
   17064.660     14.11697      10.0
   17084.660     14.11946      10.0
   17104.670     14.12198      10.0
   17124.680     14.12453      10.0
   17144.680     14.12697      10.0
   17164.690     14.12944      10.0
   17184.690     14.13194      10.0
   17204.700     14.13432      10.0
   17224.700     14.13687      10.0
   17244.710     14.13931      10.0
   17264.710     14.14178      10.0
   17284.720     14.14427      10.0
   17304.720     14.14665      10.0
   17324.730     14.14919      10.0
   17344.740     14.15162      10.0
   17364.740     14.15408      10.0
   17384.750     14.15656      10.0
   17404.750     14.15893      10.0
   17424.760     14.16146      10.0
   17444.760     14.16388      10.0
   17464.770     14.16633      10.0
   17484.770     14.16866      10.0
   17504.780     14.17115      10.0
   17524.790     14.17353      10.0
   17544.790     14.17593      10.0
   17564.790     14.17836      10.0
   17584.800     14.18081      10.0
   17604.810     14.18329      10.0
   17624.810     14.18564      10.0
   17644.820     14.18802      10.0
   17664.820     14.19043      10.0
   17684.830     14.19286      10.0
   17704.830     14.19532      10.0
   17724.840     14.19765      10.0
   17744.840     14.20015      10.0
   17764.850     14.20253      10.0
   17784.860     14.20493      10.0
   17804.860     14.20736      10.0
   17824.870     14.20966      10.0
   17844.870     14.21213      10.0
   17864.880     14.21448      10.0
   17884.880     14.21685      10.0
   17904.890     14.21925      10.0
   17924.890     14.22167      10.0
   17944.900     14.22395      10.0
   17964.900     14.22642      10.0
   17984.910     14.22875      10.0
   18004.920     14.23111      10.0
   18024.920     14.23349      10.0
   18044.930     14.23589      10.0
   18064.930     14.23832      10.0
   18084.940     14.24061      10.0
   18104.940     14.24309      10.0
   18124.950     14.24543      10.0
   18144.950     14.24779      10.0
   18164.960     14.25018      10.0
   18184.960     14.25242      10.0
   18204.970     14.25485      10.0
   18224.970     14.25714      10.0
   18244.980     14.25945      10.0
   18264.990     14.26195      10.0
   18284.990     14.26431      10.0
   18305.000     14.26652      10.0
   18325.000     14.26893      10.0
   18345.010     14.27135      10.0
   18365.010     14.27363      10.0
   18385.020     14.27611      10.0
   18405.020     14.27843      10.0
   18425.030     14.28078      10.0
   18445.040     14.28333      10.0
   18465.040     14.28573      10.0
   18485.050     14.28814      10.0
   18505.050     14.29076      10.0
   18525.060     14.29323      10.0
   18545.060     14.29590      10.0
   18565.070     14.29860      10.0
   18585.070     14.30150      10.0
   18605.080     14.30480      10.0
   18625.080     14.30831      10.0
   18645.090     14.31259      10.0
   18665.100     14.31784      10.0
   18685.100     14.32483      10.0
   18705.110     14.33474      10.0
   18725.110     14.34747      10.0
   18745.120     14.36159      10.0
   18747.900     14.36634      10.0
   18750.680     14.37625      10.0
   18753.460     14.40091      10.0
   18756.240     14.44012      10.0
   18759.020     14.40148      10.0
   18761.800     14.37753      10.0
   18764.580     14.36814      10.0
   18767.360     14.36389      10.0
   18772.930     14.36032      10.0
   18784.050     14.35572      10.0
   18795.160     14.35094      10.0
   18806.280     14.34656      10.0
   18817.410     14.34295      10.0
   18828.520     14.34051      10.0
   18839.640     14.33885      10.0
   18850.760     14.33795      10.0
   18861.890     14.33763      10.0
   18873.000     14.33751      10.0
   18884.130     14.33778      10.0
   18895.250     14.33824      10.0
   18906.370     14.33891      10.0
   18917.480     14.33957      10.0
   18928.610     14.34044      10.0
   18939.730     14.34131      10.0
   18950.840     14.34218      10.0
   18961.960     14.34326      10.0
   18973.090     14.34414      10.0
   18984.210     14.34523      10.0
   18995.330     14.34632      10.0
   19006.450     14.34742      10.0
   19017.570     14.34872      10.0
   19028.680     14.34984      10.0
   19039.810     14.35095      10.0
   19050.930     14.35208      10.0
   19062.050     14.35320      10.0
   19073.170     14.35454      10.0
   19084.290     14.35568      10.0
   19095.410     14.35683      10.0
   19105.210     14.35793      10.0
   19605.350     14.41256      10.0
   20005.460     14.45562      10.0
   20405.570     14.49765      10.0
   20805.680     14.53923      10.0
   21205.790     14.57975      10.0
   21605.890     14.61981      10.0
   22006.000     14.65893      10.0
   22406.110     14.69737      10.0
   22806.220     14.73511      10.0
   23206.330     14.77229      10.0
   23606.440     14.80864      10.0
   24006.550     14.84446      10.0
   24406.660     14.88017      10.0
   24806.770     14.91468      10.0
   25206.880     14.94910      10.0
   25606.980     14.98296      10.0
   26007.090     15.01572      10.0
   26407.200     15.04822      10.0
   26807.310     15.08079      10.0
   27207.420     15.11228      10.0
   27607.530     15.14384      10.0
   28007.640     15.17424      10.0
   28407.750     15.20491      10.0
   28807.860     15.23454      10.0
   29207.960     15.26451      10.0
   29608.070     15.29367      10.0
   30008.180     15.32247      10.0
   30408.290     15.35083      10.0
   30808.400     15.37897      10.0
   31208.510     15.40663      10.0
   31608.620     15.43392      10.0
   32008.730     15.46089      10.0
   32408.840     15.48760      10.0
   32808.950     15.51397      10.0
   33209.050     15.53995      10.0
   33609.160     15.56566      10.0
   34009.270     15.59108      10.0
   34409.380     15.61619      10.0
   34809.490     15.64100      10.0
   35209.600     15.66553      10.0
   35609.710     15.68981      10.0
   36009.820     15.71392      10.0
   36409.930     15.73742      10.0
   36810.040     15.76089      10.0
   37210.140     15.78421      10.0
   37610.250     15.80721      10.0
   38010.360     15.83002      10.0
   38410.470     15.85251      10.0
   38810.580     15.87484      10.0
   39210.690     15.89688      10.0
   39610.800     15.91847      10.0
   40010.910     15.94020      10.0
   40411.020     15.96161      10.0
   40811.130     15.98294      10.0
   41211.230     16.00366      10.0
   41611.340     16.02450      10.0
   42011.450     16.04490      10.0
   42411.560     16.06568      10.0
   42811.670     16.08581      10.0
   43211.780     16.10563      10.0
   43611.890     16.12556      10.0
   44012.000     16.14497      10.0
   44412.110     16.16489      10.0
   44812.210     16.18409      10.0
   45212.320     16.20304      10.0
   45612.430     16.22227      10.0
   46012.540     16.24109      10.0
   46412.650     16.25937      10.0
   46812.760     16.27770      10.0
   47212.870     16.29603      10.0
   47612.980     16.31429      10.0
   48013.090     16.33240      10.0
   48413.200     16.35029      10.0
   48813.300     16.36789      10.0
   49213.410     16.38596      10.0
   49613.520     16.40270      10.0
   50013.630     16.42072      10.0
   50413.740     16.43720      10.0
   50813.850     16.45490      10.0
   51213.960     16.47187      10.0
   51614.070     16.48796      10.0
   52014.180     16.50523      10.0
   52414.290     16.52127      10.0
   52814.390     16.53776      10.0
   53214.500     16.55400      10.0
   53614.610     16.57014      10.0
   54014.720     16.58615      10.0
   54414.830     16.60197      10.0
   54814.940     16.61780      10.0
   55215.050     16.63347      10.0
   55615.160     16.64906      10.0
   56015.270     16.66453      10.0
   56415.380     16.67983      10.0
   56815.490     16.69506      10.0
   57215.590     16.71018      10.0
   57615.700     16.72531      10.0
   58015.810     16.74023      10.0
   58415.920     16.75509      10.0
   58816.030     16.76982      10.0
   59216.140     16.78440      10.0
   59616.250     16.79895      10.0
   60016.360     16.81327      10.0
   60416.470     16.82768      10.0
   60816.580     16.84197      10.0
   61216.690     16.85609      10.0
   61616.790     16.87022      10.0
   62016.900     16.88410      10.0
   62417.010     16.89792      10.0
   62817.120     16.91187      10.0
   63217.230     16.92547      10.0
   63617.340     16.93914      10.0
   64017.450     16.95261      10.0
   64417.560     16.96610      10.0
   64817.670     16.97958      10.0
   65217.780     16.99277      10.0
   65617.880     17.00616      10.0
   66017.990     17.01918      10.0
   66418.100     17.03236      10.0
   66818.210     17.04539      10.0
   67218.320     17.05824      10.0
   67618.430     17.07087      10.0
   68018.540     17.08388      10.0
   68418.650     17.09630      10.0
   68818.760     17.10907      10.0
   69218.870     17.12150      10.0
   69618.980     17.13425      10.0
   70019.090     17.14662      10.0
   70419.200     17.15891      10.0
   70819.300     17.17110      10.0
   71219.410     17.18318      10.0
   71619.520     17.19549      10.0
   72019.630     17.20764      10.0
   72419.740     17.21961      10.0
   72819.840     17.23135      10.0
   73219.950     17.24327      10.0
   73620.060     17.25493      10.0
   74020.170     17.26672      10.0
   74420.280     17.27865      10.0
   74820.390     17.29025      10.0
   75220.500     17.30148      10.0
   75620.610     17.31326      10.0
   76020.720     17.32463      10.0
   76420.830     17.33605      10.0
   76820.940     17.34699      10.0
   77221.050     17.35846      10.0
   77621.160     17.36941      10.0
   78021.270     17.38087      10.0
   78421.380     17.39177      10.0
   78821.480     17.40261      10.0
   79221.590     17.41395      10.0
   79621.700     17.42464      10.0
   80021.810     17.43582      10.0
   80421.920     17.44629      10.0
   80822.030     17.45723      10.0
   81222.140     17.46804      10.0
   81622.240     17.47867      10.0
   82022.350     17.48913      10.0
   82422.460     17.49937      10.0
   82822.570     17.51007      10.0
   83222.680     17.52054      10.0
   83622.790     17.53147      10.0
   84022.900     17.54141      10.0
   84423.010     17.55179      10.0
   84823.120     17.56186      10.0
   85223.230     17.57237      10.0
   85623.340     17.58253      10.0
   86023.450     17.59233      10.0
   86423.550     17.60255      10.0
   86823.660     17.61320      10.0
   87223.770     17.62260      10.0
   87623.880     17.63240      10.0
   88023.990     17.64260      10.0
   88424.100     17.65233      10.0
   88824.210     17.66247      10.0
   89224.320     17.67209      10.0
   89624.430     17.68211      10.0
   90024.540     17.69157      10.0
   90424.650     17.70141      10.0
   90824.750     17.71066      10.0
   91224.860     17.72028      10.0
   91624.970     17.72924      10.0
   92025.080     17.73963      10.0
   92425.190     17.74828      10.0
   92825.300     17.75804      10.0
   93225.410     17.76729      10.0
   93625.520     17.77668      10.0
   94025.630     17.78587      10.0
   94425.730     17.79518      10.0
   94825.840     17.80437      10.0
   95225.950     17.81356      10.0
   95626.060     17.82273      10.0
   96026.170     17.83175      10.0
   96426.280     17.84087      10.0
   96826.390     17.84981      10.0
   97226.500     17.85883      10.0
   97626.610     17.86778      10.0
   98026.720     17.87667      10.0
   98426.830     17.88561      10.0
   98826.940     17.89446      10.0
   99227.050     17.90321      10.0
   99627.160     17.91200      10.0
  100027.300     17.92067      10.0
  100427.400     17.92935      10.0
  100827.500     17.93805      10.0
  101227.600     17.94675      10.0
  101627.700     17.95530      10.0
  102027.800     17.96384      10.0
  102427.900     17.97235      10.0
  102828.000     17.98085      10.0
  103228.100     17.98931      10.0
  103628.200     17.99773      10.0
  104028.400     18.00628      10.0
  104428.500     18.01460      10.0
  104828.600     18.02286      10.0
  105228.700     18.03123      10.0
  105628.800     18.03952      10.0
  106028.900     18.04773      10.0
  106429.000     18.05603      10.0
  106829.100     18.06423      10.0
  107229.200     18.07232      10.0
  107629.300     18.08050      10.0
  108029.400     18.08854      10.0
  108429.600     18.09666      10.0
  108829.700     18.10464      10.0
  109229.800     18.11267      10.0
  109629.900     18.12077      10.0
  110030.000     18.12870      10.0
  110430.100     18.13645      10.0
  110830.200     18.14447      10.0
  111230.300     18.15229      10.0
  111630.400     18.16015      10.0
  112030.500     18.16803      10.0
  112430.600     18.17569      10.0
  112830.800     18.18361      10.0
  113230.900     18.19129      10.0
  113631.000     18.19898      10.0
  114031.100     18.20667      10.0
  114431.200     18.21435      10.0
  114831.300     18.22202      10.0
  115231.400     18.22968      10.0
  115631.500     18.23705      10.0
  116031.600     18.24465      10.0
  116431.700     18.25222      10.0
  116831.800     18.25976      10.0
  117232.000     18.26725      10.0
  117632.100     18.27469      10.0
  118032.200     18.28208      10.0
  118432.300     18.28940      10.0
  118832.400     18.29695      10.0
  119232.500     18.30414      10.0
  119632.600     18.31155      10.0
  120032.700     18.31888      10.0
  120432.800     18.32612      10.0
  120832.900     18.33326      10.0
  121233.000     18.34063      10.0
  121633.100     18.34789      10.0
  122033.300     18.35503      10.0
  122433.400     18.36207      10.0
  122833.500     18.36931      10.0
  123233.600     18.37643      10.0
  123633.700     18.38341      10.0
  124033.800     18.39060      10.0
  124433.900     18.39765      10.0
  124834.000     18.40491      10.0
  125234.100     18.41165      10.0
  125634.200     18.41858      10.0
  126034.400     18.42572      10.0
  126434.500     18.43269      10.0
  126834.600     18.43948      10.0
  127234.700     18.44646      10.0
  127634.800     18.45325      10.0
  128034.900     18.46023      10.0
  128435.000     18.46702      10.0
  128835.100     18.47399      10.0
  129235.200     18.48075      10.0
  129635.300     18.48728      10.0
  130035.400     18.49400      10.0
  130435.500     18.50091      10.0
  130835.700     18.50757      10.0
  131235.800     18.51442      10.0
  131635.900     18.52102      10.0
  132036.000     18.52780      10.0
  132436.100     18.53432      10.0
  132836.200     18.54101      10.0
  133236.300     18.54742      10.0
  133636.400     18.55401      10.0
  134036.500     18.56078      10.0
  134436.600     18.56724      10.0
  134836.800     18.57388      10.0
  135236.900     18.58021      10.0
  135637.000     18.58671      10.0
  136037.100     18.59288      10.0
  136437.200     18.59972      10.0
  136837.300     18.60623      10.0
  137237.400     18.61239      10.0
  137637.500     18.61871      10.0
  138037.600     18.62520      10.0
  138437.700     18.63132      10.0
  138837.800     18.63760      10.0
  139238.000     18.64404      10.0
  139638.100     18.65065      10.0
  140038.200     18.65687      10.0
  140438.300     18.66324      10.0
  140838.400     18.66920      10.0
  141238.500     18.67532      10.0
  141638.600     18.68159      10.0
  142038.700     18.68803      10.0
  142438.800     18.69401      10.0
  142838.900     18.70016      10.0
  143239.000     18.70646      10.0
  143639.100     18.71229      10.0
  144039.300     18.71890      10.0
  144439.400     18.72504      10.0
  144839.500     18.73068      10.0
  145239.600     18.73712      10.0
  145639.700     18.74305      10.0
  146039.800     18.74914      10.0
  146439.900     18.75469      10.0
  146840.000     18.76107      10.0
  147240.100     18.76692      10.0
  147640.200     18.77291      10.0
  148040.300     18.77904      10.0
  148440.500     18.78461      10.0
  148840.600     18.79104      10.0
  149240.700     18.79690      10.0
  149640.800     18.80215      10.0
  150040.900     18.80828      10.0
  150441.000     18.81456      10.0
  150841.100     18.82023      10.0
  151241.200     18.82603      10.0
  151641.300     18.83197      10.0
  152041.400     18.83727      10.0
  152441.500     18.84349      10.0
  152841.700     18.84904      10.0
  153241.800     18.85474      10.0
  153641.900     18.86056      10.0
  154042.000     18.86653      10.0
  154442.100     18.87179      10.0
  154842.200     18.87803      10.0
  155242.300     18.88355      10.0
  155642.400     18.88921      10.0
  156042.500     18.89499      10.0
  156442.600     18.90002      10.0
  156842.800     18.90607      10.0
  157242.900     18.91135      10.0
  157643.000     18.91675      10.0
  158043.100     18.92228      10.0
  158443.200     18.92793      10.0
  158843.300     18.93372      10.0
  159243.400     18.93964      10.0
  159643.500     18.94472      10.0
  160043.600     18.94993      10.0
  160443.700     18.95623      10.0
  160843.800     18.96169      10.0
  161243.900     18.96726      10.0
  161644.000     18.97195      10.0
  162044.200     18.97777      10.0
  162444.300     18.98269      10.0
  162844.400     18.98876      10.0
  163244.500     18.99391      10.0
  163644.600     18.99918      10.0
  164044.700     19.00456      10.0
  164444.800     19.01007      10.0
  164844.900     19.01558      10.0
  165245.000     19.02088      10.0
  165645.100     19.02619      10.0
  166045.300     19.03150      10.0
  166445.400     19.03682      10.0
  166845.500     19.04202      10.0
  167245.600     19.04733      10.0
  167645.700     19.05265      10.0
  168045.800     19.05784      10.0
  168445.900     19.06314      10.0
  168846.000     19.06831      10.0
  169246.100     19.07360      10.0
  169646.200     19.07875      10.0
  170046.300     19.08402      10.0
  170446.500     19.08914      10.0
  170846.600     19.09438      10.0
  171246.700     19.09947      10.0
  171646.800     19.10466      10.0
  172046.900     19.10971      10.0
  172447.000     19.11487      10.0
  172847.100     19.12000      10.0
  173247.200     19.12510      10.0
  173647.300     19.13018      10.0
  174047.400     19.13522      10.0
  174447.500     19.14037      10.0
  174847.700     19.14535      10.0
  175247.800     19.15044      10.0
  175647.900     19.15548      10.0
  176048.000     19.16049      10.0
  176448.100     19.16546      10.0
  176848.200     19.17053      10.0
  177248.300     19.17541      10.0
  177648.400     19.18039      10.0
  178048.500     19.18532      10.0
  178448.600     19.19035      10.0
  178848.700     19.19534      10.0
  179248.800     19.20027      10.0
  179649.000     19.20514      10.0
  180049.100     19.21012      10.0
  180449.200     19.21488      10.0
  180849.300     19.21989      10.0
  181249.400     19.22468      10.0
  181649.500     19.22957      10.0
  182049.600     19.23439      10.0
  182449.700     19.23931      10.0
  182849.800     19.24416      10.0
  183249.900     19.24894      10.0
  183650.000     19.25381      10.0
  184050.200     19.25861      10.0
  184450.300     19.26333      10.0
  184850.400     19.26815      10.0
  185250.500     19.27288      10.0
  185650.600     19.27770      10.0
  186050.700     19.28244      10.0
  186450.800     19.28710      10.0
  186850.900     19.29184      10.0
  187251.000     19.29668      10.0
  187651.100     19.30124      10.0
  188051.300     19.30607      10.0
  188451.400     19.31062      10.0
  188851.500     19.31545      10.0
  189251.600     19.31999      10.0
  189651.700     19.32481      10.0
  190051.800     19.32933      10.0
  190451.900     19.33394      10.0
  190852.000     19.33864      10.0
  191252.100     19.34323      10.0
  191652.200     19.34790      10.0
  192052.300     19.35246      10.0
  192452.500     19.35710      10.0
  192852.600     19.36163      10.0
  193252.700     19.36624      10.0
  193652.800     19.37094      10.0
  194052.900     19.37551      10.0
  194453.000     19.37996      10.0
  194853.100     19.38449      10.0
  195253.200     19.38910      10.0
  195653.300     19.39358      10.0
  196053.400     19.39814      10.0
  196453.500     19.40257      10.0
  196853.600     19.40708      10.0
  197253.800     19.41167      10.0
  197653.900     19.41611      10.0
  198054.000     19.42041      10.0
  198454.100     19.42502      10.0
  198854.200     19.42948      10.0
  199254.300     19.43378      10.0
  199654.400     19.43841      10.0
  200054.500     19.44263      10.0
  200454.600     19.44718      10.0
  200854.700     19.45156      10.0
  201254.800     19.45602      10.0
  201655.000     19.46032      10.0
  202055.100     19.46469      10.0
  202455.200     19.46914      10.0
  202855.300     19.47342      10.0
  203255.400     19.47777      10.0
  203655.500     19.48220      10.0
  204055.600     19.48646      10.0
  204455.700     19.49078      10.0
  204855.800     19.49519      10.0
  205255.900     19.49940      10.0
  205656.000     19.50370      10.0
  206056.200     19.50806      10.0
  206456.300     19.51223      10.0
  206856.400     19.51675      10.0
  207256.500     19.52080      10.0
  207656.600     19.52519      10.0
  208056.700     19.52938      10.0
  208456.800     19.53365      10.0
  208856.900     19.53799      10.0
  209257.000     19.54211      10.0
  209657.100     19.54631      10.0
  210057.300     19.55058      10.0
  210457.400     19.55463      10.0
  210857.500     19.55905      10.0
  211257.600     19.56324      10.0
  211657.700     19.56721      10.0
  212057.800     19.57155      10.0
  212457.900     19.57565      10.0
  212858.000     19.57983      10.0
  213258.100     19.58408      10.0
  213658.200     19.58808      10.0
  214058.300     19.59216      10.0
  214458.500     19.59630      10.0
  214858.600     19.60051      10.0
  215258.700     19.60480      10.0
  215658.800     19.60883      10.0
  216058.900     19.61293      10.0
  216459.000     19.61710      10.0
  216859.100     19.62101      10.0
  217259.200     19.62498      10.0
  217659.300     19.62902      10.0
  218059.400     19.63313      10.0
  218459.500     19.63731      10.0
  218859.600     19.64121      10.0
  219259.800     19.64552      10.0
  219659.900     19.64955      10.0
  220060.000     19.65330      10.0
  220460.100     19.65746      10.0
  220860.200     19.66134      10.0
  221260.300     19.66528      10.0
  221660.400     19.66928      10.0
  222060.500     19.67335      10.0
  222460.600     19.67749      10.0
  222860.700     19.68132      10.0
  223260.800     19.68522      10.0
  223661.000     19.68918      10.0
  224061.100     19.69320      10.0
  224461.200     19.69729      10.0
  224861.300     19.70106      10.0
  225261.400     19.70528      10.0
  225661.500     19.70918      10.0
  226061.600     19.71313      10.0
  226461.700     19.71676      10.0
  226861.800     19.72085      10.0
  227261.900     19.72459      10.0
  227662.000     19.72840      10.0
  228062.200     19.73227      10.0
  228462.300     19.73620      10.0
  228862.400     19.74019      10.0
  229262.500     19.74425      10.0
  229662.600     19.74795      10.0
  230062.700     19.75171      10.0
  230462.800     19.75553      10.0
  230862.900     19.75941      10.0
  231263.000     19.76335      10.0
  231663.100     19.76692      10.0
  232063.300     19.77098      10.0
  232463.400     19.77466      10.0
  232863.500     19.77841      10.0
  233263.600     19.78221      10.0
  233663.700     19.78607      10.0
  234063.800     19.78999      10.0
  234463.900     19.79352      10.0
  234864.000     19.79755      10.0
  235264.100     19.80119      10.0
  235664.200     19.80489      10.0
  236064.300     19.80864      10.0
  236464.400     19.81245      10.0
  236864.500     19.81632      10.0
  237264.700     19.81977      10.0
  237664.800     19.82376      10.0
  238064.900     19.82732      10.0
  238465.000     19.83093      10.0
  238865.100     19.83510      10.0
  239265.200     19.83833      10.0
  239665.300     19.84212      10.0
  240065.400     19.84596      10.0
  240465.500     19.84985      10.0
  240865.600     19.85330      10.0
  241265.800     19.85681      10.0
  241665.900     19.86087      10.0
  242066.000     19.86448      10.0
  242466.100     19.86815      10.0
  242866.200     19.87187      10.0
  243266.300     19.87512      10.0
  243666.400     19.87895      10.0
  244066.500     19.88230      10.0
  244466.600     19.88624      10.0
  244866.700     19.88969      10.0
  245266.800     19.89320      10.0
  245667.000     19.89676      10.0
  246067.100     19.90037      10.0
  246467.200     19.90403      10.0
  246867.300     19.90775      10.0
  247267.400     19.91152      10.0
  247667.500     19.91479      10.0
  248067.600     19.91866      10.0
  248467.700     19.92203      10.0
  248867.800     19.92544      10.0
  249267.900     19.92948      10.0
  249668.000     19.93299      10.0
  250068.200     19.93656      10.0
