# Sun 21:17:24 14-Mar-2010
begin	identify Arc-Red - Ap 1
	id	Arc-Red
	task	identify
	image	Arc-Red - Ap 1
	aperture	1
	aplow	80.44
	aphigh	85.63
	units	Angstroms
	features	42
	         25.48  5461.0021  5460.7348   4.0 1 1 Hg I
	         94.75 5769.07226  5769.5982   4.0 1 1 Hg I
	         99.44 5790.13265   5790.663   4.0 1 1 Hg I
	        113.33 5852.59858  5852.4878   4.0 1 1 Ne I(8)
	        118.48 5875.79905   5875.662   4.0 1 1 He I
	        133.77 5944.84118  5944.8342   4.0 1 1 Ne I
	        140.57 5975.56675   5975.534   4.0 1 1 Ne I
	        152.62 6030.18863  6029.9971   4.0 1 1 Ne I
	        162.40 6074.51927  6074.3377   4.0 1 1 Ne I
	        167.22 6096.44031   6096.163   4.0 1 1 Ne I
	        177.50 6143.15132  6143.0623   4.0 1 1 Ne I
	        181.89 6163.14723   6163.594   4.0 1 1 Ne I
	        193.84 6217.55833  6217.2813   4.0 1 1 Ne I
	        204.59 6266.58783   6266.495   4.0 1 1 Ne I
	        213.05 6305.23732  6304.7892   4.0 1 1 Ne I
	        219.46 6334.51461  6334.4279   4.0 1 1 Ne I
	        230.08 6383.05636  6382.9914   4.0 1 1 Ne I(3)
	        234.15 6401.69444   6402.246   4.0 1 1 Ne I
	        257.08 6506.72988  6506.5279   4.0 1 1 Ne I(3)
	        262.74 6532.66082  6532.8824   4.0 1 1 Ne I
	        277.21 6599.08776  6598.9529   4.0 1 1 Ne I
	        294.39 6678.00687  6678.2764   4.0 1 1 Ne I
	        302.83 6716.80719  6717.0428   4.0 1 1 Ne I
	        348.99 6929.39176  6929.4672   4.0 1 1 Ne I
	        371.29 7032.25506  7032.4127   4.0 1 1 Ne I(1)
	        417.35 7245.12729  7245.1665   4.0 1 1 Ne I(3)
	        447.43 7384.45101  7383.9796   4.0 1 1 A I
	        459.23 7439.15629  7438.8981   4.0 1 1 Ne I
	        501.47 7635.24412  7635.1056   4.0 1 1 A I(1)
	        520.63 7724.31314  7723.7599   4.0 1 1 A I(1)
	        568.63 7947.87423  7948.1755   4.0 1 1 A I(6)
	        604.31 8114.44054   8115.311   4.0 1 1 A I(1)
	        636.28 8263.91398  8264.5221   4.0 1 1 A I(8)
	        644.14 8300.72231   8300.326   4.0 1 1 Ne I
	        685.59 8494.86259    8495.36   4.0 1 1 Ne I
	        691.26 8521.43753  8521.4428   4.0 1 1 A I(8)
	        706.24 8591.66965   8591.259   4.0 1 1 
	        746.71  8781.4814     8781.5   4.0 1 1 
	        819.64 9123.21458   9122.966   4.0 1 1 
	        841.57 9225.70426  9224.4992   4.0 1 1 
	        934.52  9656.5737  9657.7863   4.0 1 1 
	       1038.17 10124.0546   10123.77   4.0 1 1 
	function legendre
	order 6
	sample *
	naverage 1
	niterate 0
	low_reject 3.
	high_reject 3.
	grow 0.
	coefficients	10
		2.
		6.
		25.47758674621582
		1038.169067382813
		7783.847267377261
		2346.021319387635
		12.22909786461679
		-11.28191573026015
		-3.548003766631423
		-3.213144469486916

